-4128768
-4980736
-5701632
-6422528
-7012352
-7536640
-7995392
-8650752
-9371648
-10223616
-11010048
-11927552
-13107200
-14155776
-15335424
-16515072
-17694720
-18546688
-19464192
-20119552
-20709376
-21037056
-21233664
-21102592
-21168128
-20971520
-20381696
-19988480
-19464192
-18874368
-18219008
-17498112
-16646144
-15794176
-15073280
-14155776
-13369344
-12386304
-11599872
-10682368
-9961472
-9175040
-8257536
-7405568
-6488064
-5570560
-4587520
-3473408
-2555904
-1441792
-458752
458752
1245184
1966080
2424832
2752512
2883584
2883584
2752512
2621440
2359296
2162688
1966080
1835008
1769472
1835008
1966080
2097152
2359296
2490368
2818048
3080192
3407872
3801088
4128768
4587520
4980736
5505024
5898240
6619136
7208960
7798784
8388608
9043968
9633792
10289152
10944512
11468800
11993088
12451840
12779520
12976128
13041664
12845056
12648448
11993088
11272192
10223616
8978432
7667712
5898240
4194304
2162688
524288
-1441792
-3211264
-4915200
-6356992
-7733248
-8912896
-9961472
-10616832
-11468800
-11862016
-12386304
-12713984
-13041664
-13172736
-13434880
-13565952
-13893632
-13893632
-14155776
-14286848
-14286848
-14548992
-14417920
-14286848
-14221312
-13959168
-13500416
-12976128
-12451840
-11796480
-11206656
-10420224
-9764864
-8978432
-8323072
-7602176
-7012352
-6422528
-5832704
-5308416
-4915200
-4587520
-4325376
-4128768
-4063232
-4063232
-4128768
-4390912
-4718592
-5177344
-5701632
-6356992
-6881280
-7471104
-8126464
-8650752
-9043968
-9437184
-9699328
-10092544
-10223616
-10485760
-10682368
-11010048
-11337728
-11599872
-12058624
-12451840
-12976128
-13434880
-13893632
-14548992
-14942208
-15466496
-16121856
-16646144
-17235968
-17825792
-18612224
-19464192
-20250624
-21102592
-21954560
-22675456
-23396352
-24051712
-24510464
-24707072
-24903680
-24838144
-24444928
-24117248
-23396352
-22872064
-22020096
-21299200
-20643840
-19857408
-19267584
-18808832
-18415616
-18219008
-18219008
-18284544
-18546688
-18743296
-19398656
-19857408
-20381696
-21233664
-21954560
-22740992
-23396352
-24117248
-24641536
-25034752
-25034752
-24969216
-24379392
-23592960
-22413312
-20971520
-19267584
-17367040
-15138816
-13041664
-10682368
-8585216
-6488064
-4456448
-2490368
-589824
1114112
2621440
4194304
5701632
7143424
8519680
9961472
11403264
12845056
14286848
15859712
17367040
18874368
20316160
21692416
23068672
24313856
25559040
26673152
27590656
28573696
29425664
30212096
30998528
31719424
32243712
32964608
33357824
33947648
34144256
34668544
34734080
34930688
35127296
35192832
35192832
35323904
35454976
35389440
35520512
35520512
35389440
35258368
34930688
34537472
33882112
32964608
32047104
30801920
29360128
27787264
26148864
24444928
22609920
20643840
18743296
16842752
14811136
12910592
11010048
8912896
6881280
4915200
2949120
983040
-720896
-2228224
-3473408
-4521984
-5308416
-5570560
-5570560
-4980736
-4194304
-3145728
-1769472
-327680
1310720
3014656
4390912
5767168
6881280
7798784
8454144
8847360
8847360
8781824
8323072
7864320
7274496
6619136
5898240
5373952
4784128
4456448
4128768
3866624
3735552
3801088
3866624
3997696
4259840
4390912
4587520
4653056
4718592
4456448
4325376
3866624
3342336
2359296
1638400
655360
-655360
-1769472
-3080192
-4456448
-5636096
-6881280
-7798784
-8781824
-9502720
-9895936
-10354688
-10485760
-10420224
-10223616
-10158080
-9830400
-9699328
-9502720
-9240576
-9109504
-8847360
-8650752
-8323072
-7929856
-7340032
-6684672
-5767168
-4784128
-3670016
-2490368
-1376256
-196608
786432
1769472
2555904
3342336
3932160
4390912
4784128
5373952
5832704
6553600
7340032
8192000
9240576
10485760
11862016
13434880
15073280
16646144
18350080
19988480
21561344
23068672
24379392
25690112
26738688
27918336
28770304
29622272
30408704
31129600
31653888
32112640
32571392
32899072
33095680
33357824
33488896
33619968
33554432
33357824
33226752
32899072
32440320
32047104
31326208
30670848
29622272
28639232
27525120
26214400
24707072
23003136
21102592
19267584
17104896
15073280
12976128
11010048
8978432
7340032
5505024
3801088
2555904
1114112
-65536
-1179648
-2359296
-3473408
-4849664
-6160384
-7602176
-9109504
-10944512
-12451840
-14286848
-15925248
-17629184
-19333120
-20774912
-22216704
-23527424
-24641536
-25755648
-26804224
-27787264
-28704768
-29622272
-30670848
-31588352
-32636928
-33488896
-34406400
-35192832
-35848192
-36438016
-36700160
-37093376
-37027840
-36962304
-36700160
-36503552
-35979264
-35586048
-35192832
-34865152
-34471936
-34078720
-33816576
-33619968
-33292288
-33095680
-32768000
-32636928
-32309248
-32047104
-31522816
-31195136
-30670848
-30343168
-29949952
-29425664
-28704768
-28377088
-27787264
-27197440
-26607616
-26017792
-25362432
-24641536
-24117248
-23592960
-23068672
-22675456
-22544384
-22347776
-22478848
-22609920
-22872064
-23330816
-23789568
-24379392
-24903680
-25231360
-25493504
-25624576
-25362432
-24969216
-24182784
-23396352
-22216704
-20971520
-19529728
-17956864
-16318464
-14745600
-13107200
-11534336
-9961472
-8650752
-7405568
-6225920
-5242880
-4259840
-3538944
-2883584
-2424832
-2097152
-1966080
-1966080
-2162688
-2424832
-2883584
-3473408
-4456448
-5308416
-6225920
-7340032
-8257536
-9437184
-10223616
-11141120
-11796480
-12386304
-12713984
-13041664
-13041664
-13041664
-12713984
-12255232
-11730944
-11010048
-10158080
-9175040
-8126464
-6881280
-5636096
-4259840
-2883584
-1310720
262144
1966080
3604480
5308416
6946816
8781824
10485760
12189696
13762560
15466496
16842752
18219008
19464192
20709376
21889024
22806528
23724032
24576000
25362432
26083328
26804224
27590656
28246016
29032448
29753344
30605312
31326208
32243712
33030144
33816576
34668544
35586048
36306944
37224448
38141952
38993920
39845888
40501248
41353216
42008576
42532864
42926080
43188224
43384832
43319296
43122688
42729472
42336256
41615360
40828928
39911424
38993920
37945344
36765696
35586048
34471936
33161216
32047104
30867456
30015488
28901376
28246016
27525120
26935296
26542080
26148864
25755648
25427968
25034752
24641536
24051712
23461888
22675456
21561344
20512768
19333120
18022400
16711680
15204352
13697024
12058624
10551296
9043968
7471104
5898240
4325376
2818048
1245184
-327680
-1966080
-3473408
-4980736
-6422528
-7798784
-9240576
-10616832
-11927552
-13303808
-14745600
-15990784
-17170432
-18284544
-19464192
-20447232
-21299200
-22216704
-22806528
-23527424
-24117248
-24444928
-24707072
-24969216
-25100288
-25296896
-25493504
-25559040
-25559040
-25624576
-25624576
-25755648
-25624576
-25427968
-25231360
-24969216
-24576000
-24051712
-23396352
-22609920
-21823488
-20840448
-19922944
-18612224
-17498112
-16121856
-14614528
-13238272
-11796480
-10223616
-8781824
-7208960
-5898240
-4390912
-3145728
-1769472
-589824
589824
1835008
2949120
4128768
5177344
6225920
7274496
8257536
9109504
9895936
10616832
11075584
11534336
11730944
11927552
11862016
11730944
11665408
11403264
11272192
11141120
11010048
11010048
11141120
11337728
11796480
12386304
13107200
13893632
14811136
15925248
16777216
17891328
18677760
19595264
20119552
20578304
20643840
20643840
20381696
19857408
19070976
18153472
17170432
16056320
14811136
13631488
12255232
11272192
9764864
8585216
7274496
6029312
4718592
3473408
2162688
786432
-458752
-1703936
-3014656
-4194304
-5308416
-6356992
-7536640
-8388608
-9306112
-10223616
-10944512
-11665408
-12320768
-12976128
-13697024
-14286848
-14876672
-15335424
-15990784
-16449536
-16908288
-17367040
-17629184
-17956864
-18022400
-18219008
-18087936
-18022400
-17891328
-17563648
-17235968
-16842752
-16449536
-16056320
-15597568
-15007744
-14680064
-14155776
-13893632
-13697024
-13565952
-13565952
-13631488
-13565952
-13762560
-14155776
-14417920
-14745600
-15007744
-15400960
-15663104
-15925248
-16121856
-16318464
-16449536
-16384000
-16449536
-16384000
-16252928
-16056320
-15859712
-15663104
-15466496
-15204352
-15204352
-15204352
-15335424
-15532032
-16187392
-16646144
-17367040
-18481152
-19529728
-20643840
-21757952
-23003136
-24182784
-25231360
-26279936
-27131904
-27852800
-28377088
-28704768
-28835840
-28770304
-28639232
-28049408
-27328512
-26542080
-25624576
-24510464
-23461888
-22151168
-21037056
-19922944
-18808832
-18022400
-17104896
-16449536
-15728640
-15269888
-14745600
-14483456
-14286848
-14155776
-14024704
-13959168
-13893632
-13828096
-13959168
-13828096
-13762560
-13500416
-13041664
-12713984
-12058624
-11206656
-10289152
-9109504
-7798784
-6291456
-4784128
-3080192
-1376256
524288
2097152
3866624
5439488
7012352
8650752
10092544
11403264
12713984
14090240
15466496
16646144
17891328
19202048
20250624
21495808
22544384
23592960
24576000
25624576
26607616
27525120
28508160
29425664
30474240
31391744
32440320
33423360
34406400
35323904
36306944
37158912
37945344
38666240
39321600
39911424
40239104
40566784
40566784
40370176
40108032
39583744
38797312
37879808
36896768
35520512
34209792
32636928
31064064
29425664
27852800
26017792
24379392
22478848
20578304
18612224
16646144
14483456
12320768
9895936
7602176
5177344
2949120
720896
-1376256
-3145728
-4718592
-6029312
-7274496
-8126464
-8781824
-9240576
-9633792
-9699328
-9699328
-9633792
-9437184
-9109504
-8716288
-8257536
-7602176
-6946816
-6160384
-5439488
-4521984
-3670016
-2686976
-1900544
-1048576
-327680
327680
1048576
1441792
1835008
2097152
2228224
2162688
2097152
1900544
1638400
1114112
589824
65536
-524288
-1048576
-1507328
-1966080
-2359296
-2686976
-2949120
-3014656
-2949120
-2949120
-2949120
-2686976
-2490368
-2228224
-2097152
-1835008
-1638400
-1572864
-1376256
-1179648
-1048576
-851968
-720896
-524288
-393216
-131072
131072
458752
720896
1245184
1703936
2162688
2752512
3342336
3866624
4456448
4784128
5111808
5570560
5701632
5898240
6029312
6160384
6291456
6488064
6553600
6815744
7208960
7536640
8126464
8781824
9240576
10027008
10616832
11468800
12255232
13107200
13959168
14942208
15728640
16777216
17891328
19005440
20119552
21299200
22478848
23592960
24510464
25427968
26411008
27262976
28114944
28966912
29818880
30605312
31457280
32374784
33292288
34209792
34930688
35454976
36044800
36241408
36306944
35913728
35258368
34406400
33095680
31588352
29949952
28114944
26279936
24248320
22282240
20578304
18874368
17170432
15597568
14090240
12779520
11403264
10027008
8781824
7274496
5963776
4521984
2949120
1376256
-196608
-1900544
-3604480
-5308416
-6881280
-8454144
-9961472
-11534336
-12976128
-14417920
-15794176
-17235968
-18677760
-20250624
-21692416
-23199744
-24641536
-26083328
-27590656
-28835840
-30146560
-31260672
-32374784
-33161216
-34078720
-34734080
-35323904
-35782656
-36175872
-36700160
-36831232
-37224448
-37421056
-37814272
-38010880
-38141952
-38207488
-38338560
-38207488
-38141952
-38076416
-37748736
-37617664
-37421056
-37224448
-36962304
-36831232
-36700160
-36569088
-36241408
-35979264
-35454976
-34799616
-34078720
-33030144
-31850496
-30474240
-29032448
-27525120
-26017792
-24379392
-23003136
-21561344
-20250624
-19070976
-18087936
-17235968
-16646144
-16056320
-15466496
-15269888
-15073280
-14942208
-15138816
-15138816
-15466496
-15794176
-16252928
-16646144
-17104896
-17367040
-17629184
-17760256
-17694720
-17367040
-17039360
-16384000
-15663104
-14680064
-13631488
-12582912
-11403264
-10289152
-9240576
-8126464
-7077888
-6291456
-5373952
-4784128
-4063232
-3538944
-3014656
-2621440
-2228224
-1966080
-1572864
-1441792
-1376256
-1310720
-1703936
-1835008
-2686976
-3276800
-4259840
-5439488
-6553600
-7798784
-8847360
-9961472
-10944512
-11468800
-12058624
-12058624
-11927552
-11599872
-11010048
-10223616
-9371648
-8388608
-7471104
-6422528
-5636096
-4718592
-3932160
-3080192
-2097152
-1179648
-393216
589824
1507328
2359296
3342336
4325376
5177344
5898240
6619136
7274496
7733248
8257536
8781824
9371648
10027008
10878976
11730944
12582912
13959168
15138816
16449536
17760256
19005440
20250624
21430272
22478848
23461888
24576000
25559040
26607616
27656192
28901376
30277632
31588352
32899072
34144256
35520512
36634624
37683200
38469632
38928384
39387136
39452672
39321600
39124992
38666240
38207488
37683200
37093376
36503552
36110336
35389440
35258368
34799616
34471936
34078720
33685504
33292288
32833536
32243712
31588352
30670848
29884416
28704768
27721728
26673152
25755648
24903680
24117248
23461888
23003136
22675456
22347776
22282240
22216704
22151168
22085632
22020096
21889024
21561344
21299200
20840448
20119552
19333120
18350080
17039360
15728640
14090240
12451840
10485760
8519680
6291456
4128768
1835008
-393216
-2424832
-4390912
-6291456
-7864320
-9371648
-10551296
-11796480
-12845056
-13828096
-14680064
-15663104
-16646144
-17629184
-18677760
-19726336
-20840448
-21692416
-22478848
-23199744
-23724032
-24117248
-24182784
-24248320
-23920640
-23658496
-23068672
-22544384
-21889024
-21430272
-20643840
-20119552
-19398656
-18808832
-17956864
-17170432
-16384000
-15335424
-14286848
-13172736
-11796480
-10485760
-9175040
-7798784
-6422528
-5177344
-3866624
-2555904
-1441792
-327680
655360
1638400
2490368
3080192
3735552
4063232
4390912
4587520
4521984
4456448
4063232
3801088
3407872
3014656
2490368
2031616
1638400
1310720
1310720
1310720
1441792
1703936
2228224
2818048
3604480
4325376
5177344
6029312
6946816
7929856
8650752
9437184
10158080
10747904
11272192
11730944
12124160
12386304
12713984
12845056
12976128
12976128
12910592
12713984
12386304
11993088
11468800
10682368
9961472
9043968
7995392
6750208
5439488
4259840
2883584
1572864
131072
-1310720
-2686976
-4194304
-5636096
-7143424
-8585216
-9830400
-11206656
-12386304
-13434880
-14417920
-15138816
-15925248
-16252928
-16646144
-16908288
-17104896
-17104896
-17039360
-16973824
-16842752
-16646144
-16449536
-16121856
-15794176
-15400960
-14876672
-14417920
-13893632
-13303808
-12451840
-11927552
-11206656
-10420224
-9764864
-9175040
-8585216
-8060928
-7667712
-7340032
-7143424
-7012352
-6946816
-7012352
-7077888
-7143424
-7274496
-7405568
-7667712
-7798784
-8060928
-8126464
-8257536
-8454144
-8519680
-8519680
-8519680
-8454144
-8323072
-8257536
-8060928
-7864320
-7733248
-7733248
-7733248
-7798784
-8060928
-8454144
-8912896
-9502720
-10223616
-11075584
-11993088
-12976128
-13762560
-14745600
-15597568
-16449536
-17104896
-17891328
-18481152
-19005440
-19464192
-19988480
-20316160
-20774912
-21037056
-21430272
-21823488
-22020096
-22347776
-22478848
-22609920
-22609920
-22544384
-22413312
-22216704
-21757952
-21299200
-20840448
-20512768
-20054016
-19726336
-19464192
-19529728
-19464192
-19595264
-19988480
-20250624
-20709376
-21102592
-21364736
-21823488
-22020096
-21954560
-21889024
-21561344
-21102592
-20447232
-19595264
-18415616
-17235968
-15794176
-14090240
-12451840
-10420224
-8454144
-6422528
-4456448
-2424832
-655360
1245184
2883584
4390912
5963776
7208960
8388608
9371648
10551296
11665408
12845056
13959168
15138816
16449536
17694720
19070976
20381696
21757952
22872064
24051712
25165824
26279936
27394048
28377088
29294592
30343168
31391744
32571392
33685504
34734080
35848192
36831232
37879808
38600704
39190528
39649280
39845888
39714816
39321600
38666240
37879808
36765696
35323904
34013184
32309248
30670848
29032448
27394048
25690112
24117248
22740992
21299200
20054016
18874368
17760256
16777216
15663104
14876672
13828096
12845056
11730944
10747904
9502720
8323072
7077888
5832704
4718592
3342336
2228224
1114112
131072
-720896
-1441792
-1966080
-2359296
-2424832
-2097152
-1769472
-1048576
-131072
917504
2162688
3342336
4653056
5636096
6553600
7274496
7667712
7798784
7733248
7471104
6881280
6291456
5570560
4915200
4194304
3670016
3014656
2424832
1966080
1638400
1245184
786432
458752
0
-327680
-917504
-1376256
-1835008
-2097152
-2293760
-2555904
-2555904
-2686976
-2490368
-2359296
-2228224
-1966080
-1966080
-1835008
-1769472
-1835008
-1835008
-2031616
-2228224
-2555904
-2949120
-3211264
-3538944
-3932160
-4194304
-4521984
-4849664
-5177344
-5308416
-5701632
-5767168
-5898240
-5767168
-5767168
-5570560
-5177344
-4718592
-4063232
-3407872
-2490368
-1638400
-655360
458752
1507328
2490368
3604480
4456448
5439488
6356992
7077888
7995392
8847360
9764864
10747904
11862016
12976128
14221312
15532032
16973824
18415616
19791872
21102592
22478848
23592960
24641536
25559040
26279936
26804224
27394048
27656192
27918336
28049408
28246016
28377088
28377088
28311552
28246016
27983872
27787264
27328512
26804224
26083328
25362432
24576000
23592960
22740992
21692416
21102592
20185088
19660800
19070976
18546688
18284544
17891328
17563648
17235968
16646144
15925248
15269888
14286848
13238272
11862016
10551296
8978432
7208960
5308416
3407872
1441792
-589824
-2621440
-4653056
-6684672
-8781824
-10747904
-12713984
-14483456
-16384000
-17956864
-19660800
-21102592
-22478848
-23592960
-24772608
-25821184
-26607616
-27394048
-28180480
-28901376
-29425664
-30146560
-30670848
-31195136
-31653888
-32309248
-32702464
-33030144
-33488896
-33751040
-33947648
-34078720
-34078720
-34013184
-33751040
-33619968
-33292288
-33030144
-32702464
-32309248
-31784960
-31391744
-30867456
-30343168
-29753344
-29097984
-28508160
-27721728
-27066368
-26148864
-25362432
-24707072
-24051712
-23396352
-22872064
-22347776
-22151168
-21889024
-21757952
-21889024
-22020096
-22216704
-22544384
-22872064
-23265280
-23789568
-24117248
-24444928
-24707072
-25100288
-25362432
-25559040
-25952256
-25952256
-26148864
-26017792
-25952256
-25624576
-25165824
-24641536
-23789568
-22806528
-21626880
-20381696
-19136512
-17629184
-16252928
-14942208
-13565952
-12582912
-11468800
-10682368
-9895936
-9306112
-8912896
-8585216
-8323072
-8323072
-8388608
-8650752
-8912896
-9568256
-10223616
-10944512
-11927552
-12713984
-13762560
-14680064
-15532032
-16318464
-16777216
-17235968
-17432576
-17498112
-17235968
-16908288
-16187392
-15400960
-14417920
-13303808
-12124160
-10878976
-9502720
-8060928
-6488064
-5046272
-3407872
-1966080
-589824
917504
2228224
3538944
4784128
5898240
6881280
7929856
8650752
9502720
10354688
11141120
11796480
12648448
13434880
14483456
15597568
16908288
18087936
19529728
21233664
22872064
24641536
26345472
27983872
29622272
31129600
32440320
33685504
34668544
35651584
36306944
36962304
37421056
37945344
38404096
38862848
39321600
39845888
40370176
40960000
41484288
42205184
42663936
43122688
43581440
44040192
44302336
44564480
44761088
44630016
44564480
44302336
43909120
43319296
42598400
41746432
40632320
39452672
38010880
36700160
35389440
33947648
32440320
31195136
30015488
28835840
27983872
27262976
26476544
26017792
25427968
24903680
24444928
23920640
23330816
22609920
21757952
20971520
19988480
18939904
17760256
16515072
15073280
13697024
12189696
10551296
8912896
7012352
5177344
3276800
1179648
-851968
-2949120
-5111808
-7274496
-9306112
-11272192
-13303808
-15138816
-16908288
-18546688
-20119552
-21299200
-22478848
-23658496
-24313856
-25231360
-25821184
-26279936
-26804224
-27066368
-27394048
-27525120
-27721728
-27852800
-27787264
-27787264
-27787264
-27721728
-27394048
-27262976
-26869760
-26476544
-25886720
-25362432
-24772608
-24051712
-23330816
-22413312
-21495808
-20381696
-19267584
-17956864
-16646144
-15466496
-13959168
-12451840
-11075584
-9437184
-8126464
-6684672
-5308416
-3932160
-2752512
-1703936
-655360
393216
1245184
2031616
2752512
3342336
4063232
4587520
5177344
5767168
6291456
6881280
7340032
7995392
8650752
9175040
9699328
10420224
10944512
11730944
12255232
13041664
13697024
14221312
14811136
15532032
16056320
16515072
16973824
17432576
17694720
18022400
18350080
18677760
18808832
18939904
19136512
19136512
19136512
19136512
19005440
18743296
18481152
18087936
17563648
16973824
16318464
15466496
14680064
13697024
12582912
11337728
10158080
8716288
7340032
5767168
4259840
2621440
1048576
-655360
-2162688
-3801088
-5177344
-6619136
-7798784
-9109504
-10223616
-11206656
-12058624
-13041664
-13828096
-14548992
-15204352
-15728640
-16318464
-16777216
-17104896
-17498112
-17825792
-18153472
-18415616
-18677760
-18939904
-19267584
-19595264
-19857408
-20185088
-20381696
-20709376
-20971520
-20971520
-21037056
-20971520
-21102592
-20709376
-20578304
-20185088
-19922944
-19464192
-19070976
-18612224
-18219008
-17760256
-17367040
-16777216
-16384000
-15925248
-15466496
-15073280
-14614528
-14155776
-13697024
-13500416
-13107200
-12910592
-12713984
-12386304
-12255232
-12058624
-11796480
-11730944
-11599872
-11468800
-11468800
-11534336
-11665408
-11862016
-12255232
-12713984
-13303808
-14024704
-14942208
-15728640
-16711680
-17629184
-18808832
-19791872
-20840448
-21757952
-22740992
-23592960
-24379392
-25034752
-25493504
-25690112
-25755648
-25755648
-25493504
-25100288
-24510464
-23789568
-23199744
-22347776
-21495808
-20709376
-19791872
-19005440
-18087936
-17235968
-16384000
-15466496
-14745600
-13762560
-12976128
-12255232
-11403264
-10944512
-10354688
-9961472
-9633792
-9371648
-9109504
-8978432
-8781824
-8454144
-7995392
-7405568
-6619136
-5767168
-4784128
-3473408
-2228224
-851968
720896
2228224
3866624
5308416
6750208
8257536
9633792
10878976
11993088
13041664
14024704
14745600
15663104
16187392
16908288
17563648
18284544
18939904
19791872
20709376
21692416
22740992
23920640
25427968
26804224
28246016
29818880
31457280
32899072
34406400
35717120
36831232
37814272
38600704
39124992
39190528
39387136
38993920
38535168
37748736
36569088
35520512
34013184
32505856
30998528
29294592
27721728
26017792
24444928
22872064
21364736
19922944
18481152
17104896
15728640
14417920
13107200
11796480
10420224
9175040
7929856
6684672
5505024
4325376
3145728
1835008
720896
-393216
-1572864
-2752512
-3670016
-4784128
-5767168
-6619136
-7208960
-7733248
-7995392
-7995392
-7929856
-7405568
-6881280
-6094848
-5046272
-3932160
-2818048
-1572864
-458752
655360
1638400
2424832
3080192
3604480
3932160
4128768
3932160
3604480
3276800
2490368
1900544
983040
131072
-917504
-1966080
-2818048
-3735552
-4456448
-5046272
-5570560
-5701632
-5767168
-5570560
-5308416
-4849664
-4194304
-3538944
-2752512
-1703936
-917504
65536
786432
1638400
2359296
3080192
3604480
4194304
4718592
5046272
5373952
5570560
5701632
5898240
5898240
5963776
5898240
5701632
5505024
5242880
4980736
4718592
4325376
4063232
3866624
3538944
3276800
3080192
2818048
2490368
2097152
1507328
1179648
720896
524288
327680
327680
524288
1114112
1835008
3014656
4325376
5767168
7208960
8323072
9306112
9961472
10616832
11206656
11796480
12648448
13697024
15007744
16187392
17104896
18087936
18677760
19005440
19398656
19660800
20119552
20643840
21364736
22216704
22937600
23527424
23986176
24313856
24641536
24838144
25296896
25821184
26673152
27590656
28835840
30277632
31653888
33030144
33882112
34275328
34340864
34013184
33488896
32571392
31391744
29949952
27983872
25952256
23658496
21430272
19267584
17367040
15597568
13697024
11730944
9371648
6684672
3538944
327680
-2490368
-4784128
-6356992
-6946816
-6750208
-5832704
-4718592
-3538944
-2818048
-2686976
-3407872
-4784128
-6750208
-9109504
-11534336
-13893632
-15859712
-17432576
-18219008
-18350080
-17825792
-16908288
-15335424
-13893632
-12255232
-11206656
-10616832
-10747904
-11468800
-13172736
-15728640
-19070976
-23330816
-28377088
-33685504
-39124992
-44105728
-48365568
-51642368
-53870592
-55246848
-55771136
-55902208
-55705600
-55574528
-55508992
-55574528
-55312384
-54984704
-54001664
-52428800
-50855936
-48758784
-46596096
-44236800
-41156608
-37617664
-33685504
-28901376
-23789568
-18743296
-13697024
-9175040
-5373952
-2621440
-786432
131072
524288
655360
393216
131072
-65536
-196608
-524288
-1048576
-1900544
-2949120
-4194304
-5636096
-7208960
-9043968
-11337728
-13565952
-16187392
-19070976
-21823488
-24772608
-27328512
-29491200
-31064064
-32309248
-33226752
-34013184
-34209792
-34406400
-34209792
-33816576
-33685504
-33619968
-34078720
-34799616
-35651584
-36372480
-37158912
-37748736
-38404096
-38666240
-38928384
-39124992
-39190528
-39845888
-40828928
-42336256
-43843584
-45547520
-46399488
-46858240
-47054848
-46923776
-47120384
-47644672
-48037888
-48627712
-48758784
-48889856
-48365568
-47579136
-46530560
-44892160
-43057152
-40632320
-37879808
-34471936
-30408704
-25231360
-19726336
-13893632
-8454144
-4521984
-2097152
-1507328
-2097152
-3276800
-4128768
-4063232
-2949120
-393216
3997696
10223616
18612224
28114944
38600704
48889856
58195968
65863680
71368704
74186752
74317824
72417280
69074944
65273856
62259200
60620800
60948480
62717952
65470464
68354048
71106560
73531392
76349440
79888384
84672512
90308608
96141312
100859904
103677952
103350272
99680256
92405760
82378752
70320128
57606144
45416448
35520512
28049408
23527424
21626880
21692416
22544384
23855104
24641536
24313856
22675456
19660800
15597568
10616832
4784128
-1441792
-8388608
-15335424
-22347776
-28573696
-33554432
-36306944
-36241408
-33030144
-26738688
-18022400
-7536640
3604480
14614528
24444928
32702464
39190528
43646976
46399488
47120384
46399488
44433408
41877504
39124992
36831232
35454976
35586048
37421056
40697856
44957696
49217536
53084160
55443456
55967744
54788096
51838976
47644672
42729472
37814272
33423360
29884416
27525120
26083328
25362432
24772608
23855104
22609920
21299200
20250624
20250624
21889024
25100288
29884416
35586048
41091072
45744128
48496640
48562176
45678592
39845888
31916032
22937600
13959168
6356992
655360
-3080192
-5046272
-5505024
-5046272
-4128768
-3276800
-2490368
-2228224
-2621440
-3735552
-5701632
-8126464
-11075584
-14352384
-17694720
-20774912
-23527424
-26017792
-27983872
-29491200
-30605312
-31326208
-31850496
-31981568
-31719424
-31326208
-30539776
-29622272
-28639232
-27131904
-25427968
-22806528
-19202048
-14417920
-7864320
327680
9699328
19464192
28639232
36241408
41418752
44040192
44171264
42598400
39780352
36700160
33423360
30081024
26411008
22675456
18808832
15466496
13172736
12386304
13238272
15663104
19136512
22478848
25165824
25952256
24641536
21430272
16646144
11075584
5701632
786432
-3276800
-6946816
-10354688
-13762560
-17498112
-21299200
-25034752
-28246016
-30801920
-33161216
-35848192
-38993920
-43515904
-49545216
-57147392
-66060288
-75300864
-84082688
-91553792
-96796672
-99090432
-97779712
-92667904
-83361792
-70123520
-53673984
-35258368
-16515072
1376256
16908288
29425664
39190528
46399488
51904512
56295424
60686336
65011712
68812800
72024064
73990144
74711040
74907648
75038720
76218368
78905344
82903040
87687168
91947008
94896128
95682560
94502912
92078080
88932352
86114304
83623936
81854464
80281600
78970880
77398016
75628544
73728000
72417280
71630848
71565312
72286208
73596928
75235328
76611584
77463552
77463552
76021760
73269248
68747264
61800448
52822016
41877504
29491200
16187392
1966080
-12648448
-27197440
-41877504
-55836672
-69271552
-81723392
-93454336
-104333312
-114688000
-124583936
-134610944
-145358848
-157220864
-169738240
-181207040
-192675840
-202899456
-208732160
-211943424
-210305024
-204406784
-198574080
-188153856
-177602560
-167444480
-157483008
-150208512
-144769024
-142737408
-143917056
-148570112
-152436736
-159318016
-166068224
-168689664
-168689664
-166199296
-159645696
-151191552
-140509184
-129761280
-119472128
-109117440
-99090432
-89260032
-80084992
-72482816
-66912256
-64421888
-64159744
-66191360
-69206016
-71827456
-72417280
-69337088
-61407232
-48758784
-31784960
-12582912
6946816
24379392
38404096
48103424
53411840
55115776
53673984
50069504
45023232
39256064
33161216
26673152
20709376
15073280
10158080
5963776
2949120
786432
-458752
-917504
-786432
-524288
-524288
-1114112
-2555904
-6029312
-11468800
-19005440
-27918336
-37289984
-45547520
-51183616
-52428800
-48627712
-39911424
-27394048
-12845056
1769472
14942208
25690112
33816576
39976960
44302336
47382528
49938432
52363264
54722560
57737216
61734912
67371008
74186752
81723392
88932352
95551488
100925440
105578496
109772800
114229248
119144448
124846080
131072000
137625600
143392768
147849216
150208512
149749760
146604032
140378112
131203072
119668736
107020288
94306304
82903040
74252288
69468160
69206016
73531392
81330176
91488256
101646336
109903872
114688000
114556928
109379584
99155968
85327872
69402624
52166656
34734080
17825792
1900544
-12582912
-24510464
-33685504
-38535168
-39190528
-35586048
-28704768
-19726336
-10223616
-1835008
3866624
5767168
3735552
-2228224
-10813440
-20381696
-29032448
-35651584
-38862848
-39059456
-36503552
-32374784
-27721728
-23527424
-21430272
-21692416
-24969216
-30801920
-38862848
-47579136
-56360960
-64094208
-70189056
-73859072
-74448896
-71565312
-65470464
-56688640
-46268416
-35454976
-25165824
-16056320
-8126464
-1507328
3866624
7864320
9699328
9371648
6684672
2490368
-1835008
-4849664
-5767168
-4325376
-720896
3670016
8126464
11534336
13303808
13041664
11141120
7667712
3014656
-2424832
-8060928
-14155776
-20578304
-26804224
-31981568
-35061760
-35258368
-31981568
-25362432
-16646144
-7471104
589824
5767168
6946816
3997696
-3342336
-13565952
-25296896
-36503552
-45088768
-49414144
-48693248
-42663936
-32505856
-19202048
-4521984
10354688
24444928
37486592
49217536
60424192
70975488
80740352
89784320
97976320
105119744
111083520
115998720
120782848
126550016
134610944
145031168
157876224
171966464
185335808
196739072
205127680
209387520
209453056
206766080
203161600
199294976
195887104
190578688
184221696
176750592
167510016
158269440
148176896
139001856
130416640
124125184
119406592
115277824
111149056
106430464
101646336
96665600
92405760
89260032
86835200
84344832
81330176
77004800
71303168
64946176
58589184
52953088
48103424
43909120
40566784
38141952
36765696
35782656
35520512
35389440
35651584
36110336
36765696
37027840
35454976
30146560
20447232
6291456
-11468800
-31195136
-50987008
-69337088
-84672512
-97058816
-105185280
-111345664
-114622464
-115802112
-116654080
-116654080
-116260864
-116850688
-119078912
-124387328
-132579328
-145620992
-161284096
-180420608
-201129984
-221184000
-240189440
-253689856
-261881856
-264634368
-262209536
-255262720
-243007488
-230686720
-214630400
-200736768
-188743680
-180879360
-176553984
-176095232
-178257920
-182255616
-187039744
-190382080
-191561728
-189399040
-184156160
-174522368
-162529280
-148439040
-132055040
-114491392
-96403456
-78249984
-61210624
-46923776
-36962304
-32768000
-34603008
-41615360
-51773440
-63111168
-74055680
-83623936
-91488256
-97058816
-99352576
-97124352
-89456640
-75038720
-55246848
-31588352
-7471104
13631488
28835840
36503552
36765696
31522816
24379392
19136512
18153472
22806528
31457280
41615360
51052544
58916864
65273856
70975488
76414976
81395712
85262336
86966272
86704128
84475904
81002496
76873728
72810496
69140480
65863680
62717952
59703296
57016320
54722560
53280768
52559872
53084160
54525952
56623104
59506688
63045632
67698688
73465856
80150528
87556096
95092736
101515264
105840640
107544576
106823680
104267776
100990976
97583104
94502912
92012544
91029504
92864512
99221504
111083520
128778240
151781376
176881664
202375168
225640448
244187136
257490944
264044544
263782400
257097728
244514816
226099200
203358208
178520064
153812992
130809856
110493696
92602368
77398016
64880640
54460416
45613056
38535168
32964608
29425664
27656192
27262976
26935296
25952256
23068672
18153472
11075584
3276800
-3670016
-8323072
-10092544
-9961472
-9306112
-9371648
-10158080
-10944512
-11403264
-10813440
-10551296
-12320768
-17956864
-28966912
-45219840
-65011712
-85196800
-102563840
-113704960
-117899264
-115998720
-110428160
-104595456
-101122048
-101580800
-105709568
-111607808
-116785152
-119472128
-118358016
-114425856
-108789760
-102629376
-96272384
-88866816
-78643200
-64684032
-46661632
-26476544
-7077888
9240576
20971520
27787264
29949952
28377088
23527424
16252928
7995392
327680
-5111808
-7733248
-7602176
-5898240
-4521984
-4456448
-6684672
-11010048
-17235968
-25493504
-35454976
-47775744
-63111168
-80347136
-98893824
-116523008
-132448256
-145096704
-155254784
-160694272
-160628736
-154533888
-144441344
-131465216
-117440512
-103612416
-91750400
-82575360
-75956224
-71172096
-68812800
-68419584
-67436544
-64290816
-56623104
-43581440
-26083328
-6619136
12648448
29949952
45154304
60096512
76218368
94896128
115212288
135856128
153812992
167247872
174981120
178126848
179044352
179765248
181927936
185401344
189464576
192872448
195035136
196214784
197132288
198901760
202506240
208011264
214368256
220266496
223739904
224985088
224133120
223019008
223019008
224788480
227606528
229900288
229638144
223936512
212533248
193265664
170131456
146407424
123469824
104398848
88932352
76480512
64880640
52232192
37814272
22216704
6684672
-7405568
-20054016
-32178176
-45613056
-61079552
-78577664
-97189888
-114950144
-129957888
-141819904
-150798336
-156631040
-160563200
-162070528
-161742848
-158990336
-155910144
-153812992
-154533888
-159055872
-167182336
-178388992
-191758336
-206569472
-221642752
-236257280
-249102336
-259522560
-266338304
-268959744
-266928128
-259981312
-248774656
-234291200
-217579520
-200081408
-183042048
-167706624
-154730496
-143917056
-133955584
-124583936
-115539968
-106823680
-98107392
-88080384
-74907648
-57344000
-34078720
-6619136
22675456
50266112
72679424
88735744
97976320
102367232
103022592
101842944
98369536
92340224
83034112
71958528
61014016
53411840
50462720
52428800
57278464
61800448
62849024
58130432
47382528
31850496
14024704
-4128768
-20578304
-35061760
-48103424
-60162048
-72155136
-84213760
-96665600
-108789760
-119603200
-127991808
-133758976
-137035776
-139198464
-140705792
-142409728
-142934016
-140509184
-133038080
-119799808
-102563840
-84082688
-68485120
-58523648
-54591488
-55181312
-57212928
-57999360
-56098816
-51904512
-46727168
-42532864
-40632320
-41353216
-42795008
-43778048
-43253760
-40894464
-36962304
-32112640
-26869760
-22413312
-19070976
-17301504
-16711680
-16646144
-16515072
-15138816
-11730944
-5242880
5242880
19595264
36700160
55050240
73138176
90308608
105644032
118816768
130154496
139395072
146931712
151846912
153747456
151977984
146931712
139132928
129695744
119209984
108593152
97320960
85262336
72286208
58851328
45678592
33554432
23068672
14614528
7340032
589824
-6422528
-13828096
-20578304
-26345472
-30146560
-31457280
-30539776
-27852800
-23396352
-17235968
-9109504
1376256
13631488
27066368
39780352
50200576
57147392
61865984
66125824
72089600
80674816
92078080
105578496
120258560
134676480
147521536
158007296
164888576
167968768
167837696
166199296
164298752
163250176
162267136
160628736
156631040
149356544
139853824
131137536
125435904
124059648
126287872
129892352
132513792
132382720
129564672
125435904
122552320
122224640
124321792
127664128
131137536
133365760
133562368
131465216
126550016
118095872
106496000
92995584
79167488
66125824
54132736
42795008
31195136
19398656
7340032
-4587520
-15400960
-24510464
-32047104
-38273024
-42598400
-44695552
-43843584
-39321600
-31784960
-22282240
-12582912
-3997696
3407872
10027008
16449536
22740992
28377088
32768000
35848192
37617664
38731776
39518208
39714816
38141952
33619968
25427968
14745600
3473408
-5570560
-10354688
-9568256
-4521984
2949120
10616832
17104896
21495808
23658496
23527424
21102592
15728640
7143424
-4456448
-17956864
-31588352
-43057152
-50724864
-53870592
-53542912
-51118080
-48234496
-45744128
-43778048
-41615360
-38862848
-35127296
-31129600
-27394048
-24903680
-23920640
-24444928
-25624576
-26738688
-26345472
-24051712
-19070976
-12320768
-4521984
2686976
8192000
11010048
11730944
10747904
8585216
6160384
2293760
-3407872
-12320768
-24182784
-37552128
-49152000
-56360960
-57933824
-54525952
-47579136
-39649280
-32636928
-27983872
-25821184
-25296896
-24117248
-20840448
-14483456
-5046272
6684672
19398656
31719424
42926080
51838976
57540608
58720256
55508992
46858240
33488896
16318464
-2818048
-21692416
-38600704
-52625408
-64094208
-74055680
-84082688
-94502912
-105250816
-116260864
-127074304
-138084352
-148832256
-159580160
-169476096
-176488448
-178192384
-173080576
-160759808
-142999552
-122159104
-101318656
-81461248
-63242240
-46596096
-31719424
-19005440
-9830400
-5308416
-6160384
-11796480
-20709376
-30539776
-39976960
-47841280
-54067200
-59441152
-63504384
-65732608
-65339392
-61603840
-55246848
-46923776
-38273024
-30015488
-23330816
-18481152
-16121856
-17629184
-24051712
-35651584
-51576832
-69337088
-85590016
-97714176
-103743488
-103219200
-96272384
-83492864
-66060288
-46071808
-26214400
-8650752
4587520
11599872
12779520
9895936
5767168
3670016
4587520
7667712
10747904
12582912
12845056
13565952
16384000
23330816
34078720
47251456
59965440
69271552
73531392
72286208
67502080
61472768
56557568
53411840
51970048
51380224
50135040
46661632
40108032
30408704
17760256
2949120
-12976128
-28835840
-43384832
-55443456
-63176704
-65536000
-61800448
-52494336
-38731776
-22478848
-5439488
9371648
20709376
27394048
30081024
28704768
24051712
15859712
4325376
-9371648
-23592960
-35454976
-43188224
-46530560
-46465024
-45154304
-44498944
-45940736
-49610752
-54919168
-60424192
-65011712
-67502080
-68157440
-67371008
-64880640
-60424192
-53018624
-42663936
-29360128
-14417920
589824
15400960
29491200
42467328
54263808
63897600
70844416
75300864
77529088
78708736
80216064
82313216
84672512
86966272
88408064
88735744
87556096
84475904
79691776
73465856
65863680
57016320
46989312
36569088
26542080
17891328
11599872
7536640
6225920
8126464
13893632
24510464
39780352
58261504
77398016
94765056
108462080
118030336
124452864
129433600
133562368
138739712
144965632
151977984
159711232
166002688
171442176
174391296
177012736
179240960
181075968
182779904
181731328
178782208
173932544
166723584
156368896
143720448
130613248
115867648
100925440
