18
26
58
73
109
114
153
172
186
216
235
261
279
303
323
346
359
377
412
439
450
479
489
516
544
557
587
597
637
651
677
694
724
738
752
789
810
835
841
872
888
915
944
963
977
993
1024
1055
1069
1079
1104
1130
1148
1173
1203
1220
1238
1258
1288
1301
1323
1343
1382
1389
1414
1440
1457
1478
1515
1531
1559
1570
1593
1612
1633
1660
1692
1705
1724
1747
1777
1788
1807
1847
1861
1876
1910
1916
1951
1973
1992
2019
2039
2055
2085
2111
2123
2144
2168
2196
2215
2240
2252
2285
2302
2315
2343
2373
2382
2404
2428
2452
2484
2496
2514
2543
2566
2580
2603
2628
2643
2680
2705
2717
2734
2771
2784
2805
2831
2847
2862
2902
2907
2934
2952
2973
3003
3030
3056
3074
3082
3114
3144
3160
3186
3195
3232
3245
3278
3290
3302
3324
3356
3384
3404
3425
3453
3472
3486
3501
3525
3560
3566
3598
3623
3637
3653
3679
3705
3729
3761
3764
3791
3819
3838
3857
3887
3910
3921
3960
3962
4002
4009
4037
4052
4085
4097
4125
4149
4167
4186
4216
4242
4262
4281
4310
4330
4347
4366
4382
4410
4436
4460
4480
4490
4522
4542
4570
4588
4601
4637
4645
4668
4696
4719
4742
4766
4780
4803
4834
4846
4877
4892
4921
4942
4970
4983
5005
5024
5049
5065
5093
5112
5131
5154
5177
5197
5217
5251
5268
5295
5316
5329
5352
5382
5401
5429
5449
5475
5484
5513
5541
5552
5587
5599
5622
5644
5666
5682
5701
5729
5751
5778
5807
5813
5846
5864
5893
5905
5935
5948
5975
5986
6012
6043
6066
6087
6104
6124
6145
6178
6202
6221
6244
6257
6288
6300
6324
6353
6377
6392
6415
6429
6463
6486
6502
6515
6549
6561
6582
6619
6643
6657
6685
6689
6724
6744
6772
6787
6811
6837
6848
6867
6901
6928
6947
6972
6975
7015
7037
7053
7064
7093
7117
7132
7154
7174
7201
7232
7250
7264
7301
7311
7339
7358
7391
7395
7418
7449
7479
7496
7521
7546
7563
7573
7594
7633
7641
7667
7680
7713
7730
7746
7781
7808
7832
7848
7861
7887
7916
7925
7944
7972
7991
8023
8050
8069
8087
8110
8122
8160
8168
8194
8226
8231
8261
8294
8301
8323
8350
8374
8385
8424
8429
8456
8487
8494
8528
8552
8575
8596
8611
8641
8660
8671
8703
8732
8750
8759
8796
8815
8838
8847
8874
8905
8927
8948
8973
8985
9013
9038
9047
9081
9095
9114
9141
9169
9181
9208
9228
9243
9269
9305
9322
9338
9353
9377
9412
9433
9445
9475
9492
9506
9543
9552
9573
9602
9630
9639
9662
9683
9707
9732
9752
9788
9803
9817
9854
9869
9882
9922
9928
9947
9975
9997
10014
10036
10073
10091
10110
10134
10149
10174
10199
10218
10234
10259
10289
10317
10324
10357
10379
10399
10411
10446
10454
10492
10510
10537
10553
10578
10586
10612
10635
10653
10671
10707
10718
10754
10768
10797
10804
10839
10860
10877
10898
10930
10946
10977
10980
11014
11044
11059
11075
11090
11115
11141
11170
11181
11205
11226
11245
11269
11302
11323
11344
11372
11391
11405
11431
11447
11472
11502
11508
11531
11572
11593
11609
11628
11658
11664
11687
11707
11747
11758
11791
11814
11822
11842
11873
11890
11919
11937
11958
11984
11998
12020
12045
12062
12085
12117
12123
12164
12168
12204
12216
12247
12268
12281
12315
12323
12345
12369
12389
12421
12438
12460
12486
12510
12527
12552
12584
12595
12610
12648
12666
12680
12698
12731
12747
12779
12795
12817
12840
12865
12881
12913
12933
12957
12966
12987
13018
13037
13048
13078
13106
13119
13138
13160
13187
13212
13241
13254
13268
13293
13323
13341
13372
13379
13413
13429
13449
13472
13494
13528
13551
13554
13590
13608
13638
13647
13667
13700
13719
13748
13757
13794
13813
13827
13845
13872
13889
13915
13944
13963
13971
13999
14036
14054
14072
14101
14118
14126
14161
14177
14208
14221
14253
14271
14293
14310
14343
14355
14376
14410
14419
14438
14474
14489
14502
14530
14562
14584
14601
14612
14637
14659
14692
14707
14737
14753
14773
14804
14807
14838
14853
14880
14902
14928
14947
14972
15003
15013
15030
15051
15078
15093
15117
15150
15179
15202
15214
15234
15248
15270
15308
15326
15354
15361
15398
15412
15440
15449
15476
15502
15526
15544
15558
15592
15617
15629
15651
15680
15702
15725
15733
15765
15776
15815
15837
15855
15868
15888
15920
15930
15951
15990
16006
16019
16041
16064
16083
16123
16148
16155
16182
16209
16229
16241
16271
16301
16312
16336
16361
16374
16409
16415
16441
16475
16487
16504
16525
16550
16576
16599
16616
16635
16655
16677
16702
16725
16756
16785
16797
16820
16832
16857
16895
16917
16919
16956
16975
17001
17015
17047
17058
17092
17107
17135
17158
17172
17187
17209
17235
17250
17277
17298
17335
17354
17363
17385
17410
17438
17456
17480
17507
17529
17538
17564
17582
17615
17638
17645
17673
17708
17712
17751
17756
17789
17814
17836
17855
17866
17893
17929
17935
17973
17981
18005
18022
18043
18063
18102
18116
18130
18164
18191
18213
18223
18244
18274
18287
18310
18346
18364
18383
18401
18417
18448
18474
18492
18521
18532
18563
18571
18602
18628
18641
18676
18684
18719
18743
18757
18784
18798
18828
18837
18858
18889
18902
18940
18944
18982
18995
19017
19046
19060
19095
19109
19125
19157
19167
19189
19224
19244
19268
19275
19314
19326
19340
19377
19387
19416
19445
19463
19491
19498
19530
19553
19579
19601
19604
19637
19666
19678
19706
19730
19745
19765
19783
19805
19830
19855
19871
19898
19924
19951
19965
19996
20006
20040
20051
20085
20098
20110
20133
20153
20188
20198
20229
20241
20270
20294
20308
20331
20356
20391
20405
20422
20455
20471
20502
20520
20536
20557
20584
20600
20636
20640
20659
20683
20722
20733
20756
20772
20809
20828
20841
20871
20892
20905
20930
20948
20980
21006
21031
21049
21072
21087
21119
21140
21155
21166
21196
21225
21234
21258
21283
21305
21323
21343
21379
21401
21424
21435
21462
21490
21507
21531
21549
21572
21599
21610
21628
21662
21692
21702
21726
21742
21761
21797
21810
21837
21866
21880
21904
21929
21952
21966
21995
22017
22028
22050
22073
22090
22114
22137
22176
22178
22207
22226
22257
22274
22287
22326
22351
22370
22392
22402
22431
22447
22481
22506
22524
22534
22559
22590
22612
22624
22651
22677
22691
22725
22745
22762
22791
22804
22817
22856
22875
22894
22912
22929
22957
22986
22994
23028
23055
23071
23087
23122
23143
23155
23186
23197
23219
23252
23269
23278
23311
23337
23354
23385
23388
23420
23450
23458
23482
23511
23525
23559
23579
23601
23628
23630
23658
23678
23708
23726
23750
23763
23792
23822
23845
23854
23891
23902
23916
23948
23968
23997
24023
24042
24058
24084
24109
24119
24154
24169
24193
24202
24234
24249
24282
24298
24312
24350
24362
24388
24401
24437
24459
24468
24503
24514
24548
24565
24581
24614
24628
24647
24682
24701
24721
24732
24754
24775
24810
24827
24858
24867
24884
24925
24933
24968
24978
25003
25027
25038
25060
25088
25108
25145
25148
25183
25193
25226
25236
25274
25284
25303
25338
25359
25374
25391
25411
25453
25465
25483
25511
25527
25562
25574
25592
25629
25636
25654
25687
25710
25730
25758
25776
25796
25826
25835
25870
25893
25897
25925
25946
25963
25989
26007
26033
26049
26083
26094
26118
26154
26162
26190
26215
26230
26268
26284
26292
26330
26337
26365
26390
26418
26426
26458
26486
26500
26527
26541
26570
26595
26616
26624
26644
26680
26695
26717
26734
26760
26780
26806
26822
26843
26864
26900
26921
26947
26970
26981
27000
27027
27048
27069
27101
27113
27132
27158
27172
27207
27233
27250
27262
27297
27312
27337
27362
27374
27407
27414
27450
27473
27488
27519
27534
27560
27579
27607
27631
27633
27657
27677
27706
27740
27750
27772
27798
27817
27844
27863
27877
27906
27937
27950
27973
27995
28017
28031
28070
28091
28113
28120
28160
28180
28183
28210
28242
28261
28276
28293
28335
28338
28364
28398
28421
28432
28459
28483
28494
28518
28553
28577
28597
28602
28643
28662
28684
28690
28725
28753
28767
28782
28808
28823
28844
28884
28890
28924
28932
28973
28988
29002
29034
29053
29065
29095
29114
29133
29166
29187
29204
29221
29245
29281
29297
29321
29347
29355
29387
29407
29423
29445
29469
29501
29521
29535
29568
29588
29603
29630
29649
29667
29679
29711
29724
29764
29776
29810
29816
29844
29873
29881
29917
29939
29948
29975
29997
30020
30034
30066
30093
30107
30126
30152
30179
30191
30225
30234
30261
30293
30310
30336
30346
30378
30391
30416
30428
30450
30474
30512
30518
30555
30560
30583
30613
30640
30660
30683
30701
30714
30741
30771
30794
30811
30843
30847
30881
30909
30927
30941
30965
30993
31001
31029
31047
31084
31108
31110
31152
31171
31196
31209
31226
31241
31282
31295
31313
31350
31372
31382
31399
31432
31456
31473
31495
31506
31540
31558
31583
31597
31624
31640
31659
31701
31704
31743
31765
31782
31799
31827
31848
31869
31897
31915
31944
31950
31969
32006
32014
32040
32067
32096
32102
32141
32157
32170
32192
32228
32248
32257
32288
32311
32335
32354
32382
32396
32415
32434
32466
32478
32511
32531
32555
32569
32601
32615
32639
32660
32678
32704
32719
32738
32773
32783
32814
32832
32865
32877
32912
32934
32943
32958
32988
33009
33044
33054
33082
33091
33132
33133
33158
33187
33209
33240
33249
33275
33301
33322
33335
33354
33388
33408
33437
33453
33477
33487
33508
33530
33567
33584
33600
33638
33655
33674
33698
33707
33740
33759
33788
33801
33830
33853
33865
33889
33909
33930
33965
33979
34001
34034
34053
34064
34093
34121
34128
34164
34177
34196
34227
34240
34274
34295
34304
34336
34348
34377
34407
34413
34446
34455
34488
34508
34533
34559
34570
34597
34613
34646
34658
34688
34698
34736
34757
34765
34784
34821
34828
34860
34875
34905
34918
34940
34966
34981
35013
35043
35061
35081
35104
35134
35139
35166
35189
35206
35232
35262
35275
35305
35331
35350
35373
35393
35410
35425
35445
35472
35504
35520
35534
35560
35587
35601
35638
35647
35682
35691
35719
35729
35762
35774
35800
35834
35840
35877
35902
35912
35943
35969
35977
35996
36030
36052
36068
36092
36121
36142
36157
36183
36207
36228
36251
36275
36299
36312
36325
36358
36379
36401
36429
36450
36472
36497
36501
36538
36550
36576
36604
36611
36636
36659
36696
36712
36733
36749
36771
36793
36818
36833
36863
36879
36913
36926
36951
36977
36995
37023
37034
37054
37077
37101
37130
37137
37178
37194
37206
37242
37265
37276
37298
37325
37353
37376
37395
37416
37432
37456
37481
37500
37512
37539
37569
37590
37617
37623
37646
37668
37697
37726
37746
37768
37786
37814
37824
37854
37866
37891
37916
37949
37952
37989
38005
38037
38050
38063
38100
38109
38141
38170
38180
38205
38229
38249
38269
38285
38311
38333
38352
38380
38396
38431
38448
38477
38487
38518
38526
38563
38579
38601
38628
38643
38660
38682
38703
38725
38760
38782
38805
38813
38833
38858
38882
38908
38927
38954
38971
39004
39013
39032
39064
39081
39114
39120
39148
39181
39204
39207
39238
39270
39279
39298
39335
39343
39359
39389
39423
39431
39459
39471
39497
39528
39542
39577
39595
39620
39638
39653
39668
39703
39722
39739
39774
39781
39818
39841
39846
39879
39892
39914
39944
39957
39994
40000
40029
40059
40065
40086
40128
40137
40167
40188
40205
40224
40247
40266
40290
40316
40346
40357
40386
40412
40425
40442
40463
40492
40511
40543
40556
40573
40605
40620
40639
40667
40695
40719
40741
40753
40777
40804
40822
40845
40873
40881
40915
40942
40947
40984
40999
41013
41043
41063
41079
41098
41130
41154
41166
41198
41221
41247
41254
41290
41302
41334
41360
41370
41391
41414
41448
41456
41477
41493
41520
41548
41579
41583
41615
41634
41648
41682
41706
41715
41740
41772
41790
41814
41836
41864
41874
41898
41926
41937
41961
41989
42008
42035
42046
42076
42097
42125
42146
42168
42186
42202
42221
42241
42267
42289
42311
42345
42370
42382
42407
42420
42439
42477
42486
42508
42544
42563
42586
42606
42627
42656
42666
42691
42714
42740
42761
42774
42794
42817
42835
42858
42885
42919
42927
42965
42969
43005
43012
43051
43055
43095
43117
43137
43154
43182
43191
43217
43237
43269
43290
43301
43332
43359
43365
43393
43412
43443
43468
43483
43498
43536
43544
43572
43593
43618
43637
43665
43680
43695
43729
43749
43761
43798
43822
43825
43851
43871
43911
43921
43936
43958
43982
44010
44038
44056
44067
44108
44128
44154
44174
44179
44215
44223
44248
44272
44292
44313
44332
44365
44379
44400
44419
44451
44466
44500
44517
44531
44564
44583
44604
44623
44652
44682
44697
44715
44737
44769
44788
44812
44821
44848
44865
44888
44918
44933
44967
44972
44999
45019
45046
45071
45083
45120
45125
45148
45187
45210
45215
45253
45256
45280
45300
45338
45360
45378
45395
45416
45441
45464
45477
45509
45532
45553
45573
45588
45623
45635
45659
45691
45715
45719
45749
45780
45799
45811
45830
45857
45885
45899
45934
45946
45979
46000
46010
46032
46057
46082
46105
46123
46154
46159
46195
46204
46237
46263
46270
46293
46327
46333
46361
46390
46405
46440
46454
46480
46499
46518
46531
46572
46583
46600
46626
46657
46673
46704
46725
46750
46756
46788
46813
46820
46842
46872
46890
46922
46936
46966
46989
47013
47017
47054
47069
47101
47115
47135
47154
47181
47192
47233
47250
47278
47282
47312
47330
47363
47380
47394
47417
47443
47463
47486
47500
47526
47558
47578
47592
47616
47642
47672
47693
47714
47734
47748
47781
47796
47826
47850
47869
47884
47908
47928
47956
47979
47994
48017
48034
48068
48091
48104
48126
48140
48167
48187
48208
48245
48249
48274
48304
48318
48337
48357
48389
48417
48429
48454
48485
48502
48514
48540
48567
48591
48600
48623
48661
48669
48696
48718
48750
48760
48794
48800
48838
48846
48883
48893
48924
48944
48971
48977
49008
49028
49053
49064
49090
49124
49144
49161
49190
49210
49221
49242
49268
49287
49311
49336
49352
49374
49398
49413
49443
49466
49498
49522
49541
49557
49570
49607
49629
49641
49658
49684
49709
49721
49755
49779
49806
49813
49832
49859
49877
49913
49924
49954
49964
49994
50025
50030
50064
50079
50112
50128
50148
50168
50191
50217
50237
50259
50280
50309
50331
50355
50380
50389
50408
50445
50450
50484
50493
50516
50555
50571
50584
50607
50625
50660
50680
50690
50716
50751
50768
50780
50803
50828
50844
50875
50893
50911
50940
50968
50982
51015
51030
51044
51083
51104
51116
51134
51162
51189
51210
51230
51242
51268
51303
51306
51346
51354
51382
51407
51433
51439
51478
51492
51511
51541
51560
51587
51604
51619
51647
51659
51680
51702
51734
51753
51772
51808
51824
51852
51855
51882
51912
51938
51963
51982
52000
52011
52050
52058
52085
52102
52131
52154
52169
52193
52210
52235
52267
52276
52298
52336
52353
52364
52400
52409
52427
52452
52483
52502
52534
52548
52560
52588
52620
52628
52667
52687
52705
52718
52754
52759
52781
52810
52827
52858
52877
52891
52925
52953
52959
52995
53015
53039
53047
53066
53100
53128
53137
53158
53177
53214
53226
53251
53280
53291
53311
53338
53355
53377
53401
53436
53439
53475
53494
53526
53540
53549
53582
53594
53616
53653
53671
53696
53717
53736
53761
53772
53803
53821
53846
53859
53888
53916
53943
53965
53987
53994
54017
54035
54058
54078
54101
54125
54153
54182
54207
54222
54233
54261
54282
54305
54332
54347
54379
54389
54420
54431
54464
54490
54510
54526
54544
54562
54594
54609
54641
54670
54684
54710
54731
54756
54770
54785
54813
54830
54853
54879
54907
54913
54952
54971
54999
55005
55033
55065
55069
55097
55115
55136
55161
55191
55215
55225
55243
55278
55294
55312
55334
55370
55377
55403
55434
55445
55467
55492
55518
55538
55563
55591
55611
55618
55656
55681
55690
55724
55732
55765
55781
55803
55825
55853
55869
55897
55917
55930
55966
55984
55997
56027
56052
56061
56089
56104
56136
56148
56178
56206
56222
56236
56275
56290
56301
56322
56346
56382
56395
56415
56447
56458
56478
56502
56521
56558
56579
56595
56616
56629
56663
56685
56698
56731
56746
56768
56802
56811
56843
56868
56872
56911
56929
56942
56964
56997
57011
57029
57066
57085
57110
57116
57152
57177
57199
57210
57226
57262
57287
57298
57316
57339
57364
57380
57410
57435
57452
57482
57504
57521
57533
57566
57591
57598
57631
57655
57675
57703
57717
57745
57759
57775
57808
57829
57852
57866
57898
57911
57938
57966
57988
57997
58016
58037
58078
58084
58115
58132
58159
58177
58203
58225
58237
58277
58294
58311
58331
58351
58376
58406
58412
58446
58474
58480
58519
58529
58561
58573
58591
58613
58641
58660
58680
58711
58736
58748
58779
58787
58820
58840
58866
58878
58899
58935
58949
58962
58996
59010
59030
59069
59092
59096
59127
59148
59162
59184
59213
59240
59264
59281
59307
59325
59350
59369
59388
59407
59429
59462
59476
59502
59512
59553
59565
59597
59607
59630
59653
59672
59706
59725
59741
59767
59794
59811
59829
59858
59867
59886
59911
59930
59965
59978
59999
60034
60055
60073
60099
60108
60131
60152
60174
60199
60228
60245
60263
60286
60303
60345
60347
60377
60402
60424
60438
60458
60494
60515
60536
60554
60572
60600
60618
60642
60663
60694
60716
60722
60755
60769
60803
60812
60839
60868
60875
60909
60938
60949
60965
60998
61020
61036
61064
61087
61101
61132
61146
61168
61201
61223
61231
61269
61289
61307
61328
61345
61363
61394
61409
61444
61449
61473
61509
61516
61542
61561
61591
61617
61631
61649
61676
61690
61722
61744
61759
61778
61799
61841
61848
61868
61905
61916
61945
61963
61981
62006
62027
62052
62065
62087
62123
62139
62154
62176
62197
62237
62254
62274
62284
62308
62333
62360
62378
62402
62416
62454
62466
62483
62522
62539
62550
62588
62609
62621
62637
62657
62680
62718
62734
62757
62767
62794
62831
62844
62867
62880
62902
62935
62945
62966
62998
63024
63039
63066
63087
63115
63136
63147
63177
63195
63227
63237
63263
63280
63308
63323
63345
63368
63386
63416
63430
63467
63477
63497
63522
63557
63567
63582
63618
63629
63656
63680
63693
63714
63747
63758
63783
63814
63824
63853
63874
63895
63918
63947
63975
63981
64005
64040
64048
64077
64092
64118
64142
64162
64194
64200
64238
64242
64282
64291
64311
64341
64364
64375
64409
64437
64452
64462
64501
64523
64540
64555
64586
64609
64626
64642
64679
64692
64712
64733
64764
64780
64806
64816
64840
64862
64899
64907
64929
64953
64980
64997
65029
65035
65061
65091
65119
65132
65155
65175
65202
65209
65240
65269
65276
65309
65324
65353
65364
65390
65413
65440
65460
65492
65507
65532
65544
65579
65587
65613
65641
65652
65689
65703
65726
65742
65778
65789
65817
65827
65856
65881
65893
65914
65951
65970
65993
66006
66042
66058
66086
66095
66117
66134
66159
66184
66200
66240
66250
66270
66303
66329
66340
66366
66376
66399
66427
66456
66467
66494
66511
66542
66570
66574
66616
66630
66646
66663
66690
66717
66728
66760
66776
66810
66836
66842
66868
66901
66914
66939
66957
66988
66996
67019
67048
67065
67085
67112
67128
67147
67168
67200
67221
67235
67269
67295
67316
67341
67363
67377
67403
67410
67448
67461
67494
67510
67526
67546
67569
67598
67611
67645
67671
67678
67713
67724
67749
67777
67789
67813
67828
67867
67885
67906
67935
67945
67977
67999
68003
68034
68050
68088
68107
68128
68147
68172
68179
68212
68238
68265
68280
68291
68312
68348
68364
68383
68410
68434
68444
68474
68506
68512
68547
68569
68589
68597
68640
68649
68678
68706
68708
68747
68767
68785
68806
68818
68852
68875
68898
68919
68934
68954
68987
69011
69034
69057
69071
69089
69109
69125
69157
69176
69212
69227
69242
69263
69295
69306
69336
69363
69371
69397
69412
69441
69467
69483
69519
69534
69560
69567
69599
69614
69644
69673
69677
69699
69733
69749
69771
69793
69813
69848
69861
69876
69897
69926
69957
69981
70003
70010
70042
70065
70082
70105
70119
70153
70172
70184
70223
70237
70251
70270
70296
70316
70346
70362
70387
70411
70423
70461
70478
70509
70528
70533
70562
70577
70608
70635
70653
70686
70697
70717
70743
70759
70788
70804
70823
70847
70874
70886
70926
70932
70960
70991
71008
71017
71047
71062
71090
71109
71145
71154
71179
71200
71224
71238
71260
71295
71303
71333
71349
71377
71402
71423
71435
71465
71482
71515
71530
71553
71586
71603
71631
71637
71667
71678
71700
71737
71749
71778
71794
71822
71848
71873
71882
71903
71930
71957
71970
71988
72019
72032
72059
72077
72098
72133
72147
72180
72193
72224
72243
72259
72284
72297
72318
72346
72374
72382
72411
72444
72468
72486
72502
72530
72551
72574
72589
72608
72633
72662
72681
72703
72716
72753
72759
72793
72812
72823
72848
72885
72899
72918
72949
72958
72991
73016
73026
73043
73067
73100
73126
73141
73153
73193
73215
73225
73255
73281
73291
73320
73344
73351
73372
73407
73420
73452
73460
73497
73518
73532
73559
73575
73599
73633
73656
73674
73691
73713
73733
73756
73785
73804
73824
73837
73873
73893
73914
73924
73944
73979
73994
74028
74050
74068
74086
74104
74135
74154
74175
74198
74225
74231
74257
74284
74312
74323
74341
74368
74389
74413
74431
74466
74482
74506
74524
74546
74567
74593
74612
74626
74652
74676
74702
74720
74755
74758
74799
74815
74838
74846
74888
74896
74916
74946
74969
74997
75006
75032
75051
75071
75106
75126
75134
75162
75189
75197
75235
75257
75282
75296
75318
75341
75352
75378
75407
75426
75442
75467
75488
75524
75547
75554
75582
75608
75623
75641
75670
75686
75717
75739
75759
75787
75796
75832
75853
75870
75898
75912
75930
75952
75981
75991
76031
76047
76055
76078
76103
76137
76150
76167
76202
76228
76233
76270
76291
76309
76327
76350
76373
76397
76425
76436
76471
76476
76500
76522
76544
76566
76602
76608
76645
76669
76679
76696
76727
76747
76762
76798
76813
76837
76861
76885
76897
76928
76940
76967
76995
77017
77041
77058
77071
77098
77117
77137
77175
77177
77213
77242
77260
77277
77299
77321
77340
77363
77396
77413
77420
77453
77471
77504
77513
77540
77557
77582
77616
77637
77658
77664
77691
77722
77740
77755
77783
77799
77827
77847
77879
77883
77923
77945
77966
77979
77998
78025
78042
78058
78081
78121
78139
78147
78186
78210
78217
78249
78259
78278
78315
78337
78350
78382
78387
78429
78439
78467
78484
78514
78522
78553
78572
78588
78615
78630
78653
78693
78699
78723
78741
78765
78788
78810
78835
78850
78889
78893
78932
78943
78976
78992
79006
79046
79064
79088
79105
79118
79136
79178
79191
79220
79238
79246
79281
79301
79328
79348
79375
79390
79410
79422
79458
79476
79496
79519
79534
79569
79595
79609
79625
79643
79678
79697
79722
79744
79753
79775
79814
79828
79853
79874
79897
79915
79936
79956
79974
80013
80031
80038
80074
80094
80121
80135
80167
80177
80204
80216
80240
80258
80290
80317
80324
80355
80374
80408
80427
80435
80467
80497
80502
80528
80560
80579
80587
80616
80641
80670
80676
80703
80733
80749
80784
80790
80812
80834
80870
80882
80907
80923
80956
80971
80992
81011
81030
81051
81074
81108
81123
81137
81176
81183
81217
81236
81260
81273
81295
81318
81335
81368
81390
81408
81433
81459
81473
81504
81529
81553
81558
81597
81607
81636
81644
81686
81708
81712
81747
81771
81788
81804
81827
81859
81867
81899
81915
81940
81961
81977
82011
82032
82057
82075
82098
82106
82134
82154
82192
82214
82220
82252
82261
82286
82323
82345
82347
82372
82400
82419
82437
82466
82490
82508
82536
82548
82575
82608
82622
82640
82664
82691
82703
82734
82756
82780
82799
82824
82833
82859
82879
82911
82925
82945
82972
83002
83018
83046
83053
83090
83107
83130
83155
83172
83201
83226
83233
83252
83275
83300
83326
83351
83371
83389
83422
83442
83465
83487
83495
83518
83552
83576
83582
83601
83640
83655
83683
83706
83729
83737
83767
83794
83814
83833
83862
83882
83899
83914
83940
83954
83979
84012
84024
84046
84071
84105
84120
84137
84158
84179
84214
84221
84243
84281
84297
84314
84337
84358
84371
84399
84418
84456
84475
84496
84505
84539
84568
84588
84610
84616
84643
84670
84687
84715
84725
84754
84772
84799
84824
84838
84860
84892
84914
84930
84964
84972
84996
85010
85050
85057
85090
85101
85138
85161
85172
85190
85222
85236
85252
85280
85315
85327
85353
85378
85392
85417
85429
85463
85482
85500
85531
85543
85562
85591
85608
85639
85658
85682
85707
85720
85749
85757
85781
85808
85840
85858
85880
85904
85926
85944
85974
85979
86012
86028
86049
86076
86108
86121
86144
86159
86190
86214
86236
86250
86280
86296
86313
86336
86358
86390
86403
86426
86452
86478
86499
86514
86537
86566
86576
86604
86625
86651
86669
86685
86719
86739
86753
86770
86795
86832
86837
86867
86893
86915
86934
86956
86976
87003
87017
87041
87068
87085
87109
87126
87146
87175
87194
87222
87245
87255
87287
87307
87323
87354
87376
87393
87409
87447
87453
87487
87508
87524
87551
87564
87597
87622
87647
87654
87677
87705
87719
87740
87762
87797
87806
87842
87861
87886
87892
87928
87953
87959
87995
