4
25
50
86
91
112
154
173
189
210
223
247
271
297
324
335
361
392
406
427
454
471
499
511
549
564
577
608
619
641
670
694
726
741
765
786
814
820
853
874
900
921
928
965
978
1008
1022
1039
1072
1081
1120
1133
1154
1170
1206
1229
1254
1258
1289
1317
1341
1350
1368
1398
1416
1434
1455
1486
1504
1519
1556
1573
1598
1607
1648
1659
1678
1702
1722
1745
1768
1803
1822
1841
1860
1892
1909
1929
1940
1963
1989
2018
2045
2054
2081
2106
2129
2147
2164
2191
2202
2242
2249
2270
2299
2326
2340
2355
2382
2411
2434
2458
2470
2489
2523
2543
2567
2593
2611
2629
2649
2672
2700
2724
2731
2751
2785
2808
2838
2840
2871
2886
2922
2942
2955
2983
2998
3018
3057
3071
3084
3117
3136
3162
3171
3205
3231
3251
3274
3285
3311
3337
3355
3388
3392
3417
3442
3467
3486
3511
3535
3557
3569
3603
3610
3649
3670
3681
3718
3720
3756
3763
3801
3822
3838
3866
3873
3913
3928
3948
3972
4000
4017
4035
4061
4082
4095
4131
4158
4163
4182
4217
4244
4255
4288
4295
4329
4351
4359
4398
4413
4443
4456
4480
4510
4516
4541
4575
4593
4617
4638
4648
4679
4699
4727
4743
4759
4782
4805
4834
4842
4879
4895
4911
4940
4956
4994
4997
5035
5046
5076
5088
5107
5137
5154
5176
5205
5223
5242
5272
5299
5313
5343
5355
5381
5392
5417
5456
5462
5489
5502
5536
5556
5581
5594
5614
5652
5662
5697
5720
5723
5743
5783
5789
5820
5848
5870
5881
5916
5938
5949
5976
6005
6025
6040
6070
6092
6116
6122
6141
6179
6191
6206
6247
6262
6284
6297
6329
6353
6368
6384
6422
6429
6462
6480
6506
6529
6553
6558
6585
6612
6640
6658
6687
6706
6712
6733
6768
6792
6809
6836
6860
6871
6907
6923
6938
6967
6986
7002
7035
7058
7074
7086
7125
7131
7169
7188
7215
7233
7244
7268
7296
7307
7327
7364
7388
7393
7426
7439
7477
7483
7521
7534
7548
7580
7599
7613
7644
7669
7689
7714
7736
7761
7775
7798
7812
7840
7869
7878
7919
7925
7958
7968
7993
8012
8033
8063
8089
8112
8138
8150
8175
8197
8218
8238
8268
8277
8315
8326
8354
8377
8393
8422
8435
8461
8480
8494
8532
8548
8560
8599
8606
8641
8663
8683
8709
8714
8753
8763
8783
8814
8839
8850
8875
8890
8919
8943
8973
8980
9018
9025
9059
9084
9107
9120
9131
9171
9191
9203
9239
9254
9280
9303
9307
9341
9358
9386
9409
9435
9459
9473
9498
9506
9532
9556
9571
9609
9621
9638
9677
9700
9713
9737
9755
9790
9803
9814
9855
9861
9889
9916
9926
9951
9967
9995
10029
10054
10074
10089
10102
10137
10145
10175
10190
10226
10251
10270
10294
10301
10339
10360
10380
10398
10418
10446
10458
10479
10502
10528
10556
10572
10603
10611
10639
10650
10687
10702
10724
10744
10773
10789
10816
10829
10857
10880
10893
10932
10939
10969
10993
11011
11026
11064
11074
11108
11126
11139
11157
11185
11216
11233
11247
11268
11306
11315
11350
11362
11376
11404
11420
11447
11473
11495
11524
11545
11558
11592
11603
11637
11643
11664
11703
11718
11738
11762
11786
11813
11815
11846
11877
11884
11914
11932
11953
11978
12006
12030
12052
12071
12083
12108
12126
12161
12185
12209
12230
12253
12265
12282
12303
12322
12360
12381
12387
12417
12439
12457
12491
12511
12538
12552
12567
12596
12627
12638
12651
12688
12697
12727
12741
12775
12795
12823
12845
12862
12887
12911
12918
12948
12969
12993
13019
13035
13062
13070
13110
13123
13144
13174
13190
13206
13238
13259
13270
13304
13329
13351
13362
13383
13409
13440
13444
13467
13502
13522
13544
13571
13586
13600
13638
13651
13675
13693
13724
13732
13753
13790
13815
13818
13839
13863
13902
13920
13930
13962
13973
14004
14023
14055
14074
14089
14108
14134
14166
14176
14198
14218
14254
14267
14284
14304
14337
14365
14371
14406
14425
14441
14464
14485
14506
14537
14554
14582
14597
14620
14645
14667
14688
14712
14724
14745
14769
14792
14824
14847
14870
14893
14897
14922
14939
14971
14988
15012
15031
15055
15087
15101
15122
15137
15173
15183
15217
15241
15264
15272
15299
15317
15346
15368
15380
15412
15439
15456
15477
15497
15511
15550
15560
15587
15610
15629
15648
15682
15689
15728
15738
15772
15779
15815
15840
15846
15863
15902
15917
15932
15953
15990
16006
16017
16047
16063
16085
16108
16129
16165
16187
16204
16225
16238
16268
16300
16320
16328
16365
16384
16396
16429
16446
16462
16491
16507
16532
16547
16577
16598
16621
16650
16656
16684
16702
16732
16758
16785
16806
16829
16835
16854
16880
16905
16937
16956
16984
16987
17015
17032
17061
17076
17109
17123
17149
17176
17202
17220
17229
17253
17284
17306
17329
17355
17360
17402
17416
17429
17448
17490
17501
17531
17540
17557
17581
17609
17643
17662
17687
17707
17725
17740
17765
17791
17818
17826
17852
17872
17900
17919
17932
17957
17976
18002
18034
18058
18077
18099
18109
18147
18151
18189
18209
18232
18260
18278
18296
18309
18342
18354
18390
18395
18419
18450
18476
18489
18520
18529
18552
18575
18609
18619
18648
18667
18683
18709
18729
18761
18776
18805
18830
18851
18862
18885
18902
18924
18947
18981
19001
19018
19040
19071
19087
19106
19129
19142
19168
19198
19213
19249
19263
19284
19298
19331
19346
19369
19386
19407
19440
19469
19475
19493
19534
19543
19570
19588
19615
19629
19653
19689
19706
19719
19748
19763
19796
19804
19828
19865
19879
19895
19927
19953
19962
19989
20007
20040
20047
20072
20091
20130
20144
20163
20193
20208
20240
20245
20281
20299
20323
20348
20369
20384
20415
20435
20443
20461
20500
20524
20534
20567
20579
20604
20635
20653
20670
20686
20707
20732
20767
20786
20797
20825
20840
20869
20888
20907
20941
20945
20986
21000
21023
21043
21059
21090
21117
21136
21148
21169
21193
21224
21232
21263
21294
21298
21330
21350
21379
21395
21408
21440
21455
21473
21508
21536
21545
21575
21599
21624
21631
21670
21680
21712
21730
21757
21770
21794
21814
21838
21855
21887
21908
21933
21947
21961
21983
22007
22031
22066
22081
22106
22119
22141
22168
22177
22206
22240
22253
22278
22290
22311
22347
22373
22376
22399
22423
22452
22466
22490
22515
22544
22570
22589
22606
22618
22648
22667
22689
22712
22743
22756
22775
22801
22820
22842
22872
22884
22907
22926
22968
22989
22992
23019
23048
23070
23088
23116
23141
23156
23173
23200
23214
23238
23259
23292
23303
23336
23355
23367
23406
23421
23448
23456
23491
23503
23524
23554
23572
23596
23621
23636
23656
23676
23706
23737
23756
23768
23797
23823
23841
23865
23882
23909
23926
23954
23968
23995
24011
24040
24067
24086
24111
24125
24138
24176
24185
24221
24241
24262
24282
24297
24320
24351
24356
24395
24414
24440
24447
24484
24488
24514
24539
24562
24589
24617
24638
24657
24663
24702
24727
24750
24754
24786
24810
24818
24860
24861
24897
24924
24941
24962
24975
25000
25020
25043
25079
25099
25106
25135
25161
25183
25207
25225
25240
25264
25287
25313
25329
25361
25386
25407
25429
25438
25460
25482
25510
25537
25551
25574
25596
25622
25636
25662
25684
25701
25720
25758
25775
25788
25826
25846
25866
25875
25902
25920
25960
25981
25992
26010
26044
26070
26085
26109
26118
26154
26176
26196
26205
26226
26264
26277
26298
26328
26339
26374
26395
26418
26424
26451
26483
26509
26520
26541
26555
26593
26616
26628
26647
26674
26707
26721
26741
26773
26780
26799
26824
26845
26863
26886
26922
26947
26966
26990
27014
27032
27050
27066
27089
27117
27139
27156
27185
27210
27229
27239
27261
27296
27314
27327
27365
27381
27399
27428
27436
27471
27480
27502
27528
27563
27567
27590
27618
27634
27666
27683
27709
27723
27762
27786
27804
27821
27842
27857
27893
27900
27927
27956
27973
27999
28014
28038
28053
28079
28108
28134
28148
28177
28190
28216
28228
28256
28284
28314
28333
28348
28365
28394
28409
28441
28456
28472
28511
28524
28556
28569
28582
28616
28634
28665
28684
28701
28715
28747
28771
28790
28811
28832
28850
28885
28888
28928
28936
28962
28985
29002
29022
29041
29075
29100
29125
29134
29155
29182
29198
29220
29244
29267
29287
29311
29345
29362
29387
29399
29431
29441
29462
29486
29507
29536
29547
29570
29608
29621
29654
29673
29681
29718
29735
29761
29783
29808
29825
29854
29858
29877
29902
29926
29958
29970
29993
30020
30048
30063
30087
30103
30138
30141
30174
30187
30227
30245
30268
30273
30302
30323
30352
30378
30396
30419
30439
30457
30491
30509
30529
30549
30568
30586
30613
30630
30668
30683
30697
30718
30748
30770
30782
30822
30842
30864
30881
30892
30911
30953
30971
30982
31000
31040
31043
31069
31092
31125
31137
31171
31184
31212
31224
31243
31268
31298
31312
31349
31354
31392
31404
31422
31452
31463
31483
31511
31531
31561
31575
31608
31619
31642
31663
31682
31704
31741
31764
31789
31795
31827
31853
31857
31885
31905
31933
31955
31987
31993
32018
32050
32075
32096
32107
32122
32153
32176
32201
32212
32239
32257
32284
32303
32334
32356
32372
32392
32425
32440
32464
32480
32501
32528
32544
32574
32602
32619
32632
32665
32688
32694
32717
32738
32761
32800
32813
32840
32850
32883
32902
32933
32948
32958
32982
33014
33043
33065
33083
33098
33112
33143
33159
33191
33205
33226
33260
33283
33289
33312
33347
33373
33378
33418
33432
33446
33477
33493
33526
33538
33562
33582
33612
33621
33644
33662
33697
33719
33737
33759
33778
33812
33828
33839
33876
33884
33920
33927
33962
33970
34011
34022
34036
34060
34080
34117
34134
34153
34178
34206
34221
34249
34267
34281
34315
34323
34343
34375
34393
34420
34446
34464
34496
34504
34520
34546
34580
34595
34618
34631
34656
34689
34704
34726
34755
34778
34800
34808
34832
34869
34881
34906
34923
34953
34960
34983
35012
35030
35060
35082
35111
35132
35155
35170
35184
35213
35233
35251
35268
35304
35331
35347
35372
35388
35412
35438
35455
35466
35500
35512
35536
35556
35580
35599
35633
35652
35676
35686
35710
35741
35760
35792
35798
35824
35842
35863
35892
35908
35939
35968
35975
36003
36028
36039
36065
36097
36120
36130
36149
36176
36200
36222
36256
36260
36287
36315
36324
36345
36381
36399
36412
36450
36476
36485
36519
36539
36545
36573
36590
36624
36633
36654
36680
36703
36725
36761
36780
36789
36810
36834
36866
36894
36897
36935
36951
36967
36986
37006
37036
37053
37089
37096
37122
37139
37162
37202
37217
37227
37259
37276
37293
37319
37355
37359
37390
37405
37431
37460
37469
37502
37519
37547
37575
37578
37619
37637
37645
37667
37702
37723
37731
37764
37778
37817
37835
37844
37883
37892
37907
37939
37964
37976
38014
38017
38047
38061
38102
38120
38137
38162
38190
38211
38228
38247
38276
38300
38314
38332
38354
38389
38392
38419
38444
38461
38485
38501
38536
38566
38578
38600
38612
38648
38663
38683
38720
38737
38752
38778
38798
38824
38848
38869
38882
38917
38938
38957
38972
39003
39027
39034
39066
39090
39102
39131
39141
39167
39196
39210
39239
39253
39290
39313
39318
39355
39363
39389
39417
39425
39453
39478
39498
39524
39545
39576
39595
39619
39640
39657
39683
39709
39717
39754
39758
39795
39804
39839
39849
39870
39899
39916
39942
39960
39993
40005
40031
40050
40065
40101
40126
40142
40172
40177
40207
40228
40240
40273
40297
40307
40329
40350
40371
40400
40427
40447
40460
40485
40518
40534
40550
40571
40605
40626
40637
40672
40681
40709
40732
40760
40781
40803
40828
40848
40856
40896
40899
40926
40945
40967
41000
41017
41033
41063
41084
41111
41129
41160
41167
41201
41224
41247
41257
41284
41298
41327
41356
41378
41383
41407
41432
41464
41486
41497
41533
41554
41577
41584
41609
41635
41664
41675
41708
41726
41736
41767
41781
41806
41840
41851
41870
41891
41913
41941
41971
41995
42007
42032
42054
42075
42092
42117
42133
42170
42195
42214
42232
42242
42280
42300
42322
42332
42367
42387
42401
42418
42440
42476
42487
42508
42531
42551
42579
42606
42625
42639
42661
42697
42720
42733
42751
42770
42807
42831
42849
42866
42890
42920
42933
42953
42981
43001
43027
43033
43058
43084
43110
43133
43153
43179
43199
43209
43233
43272
43283
43305
43330
43342
43367
43401
43411
43438
43467
43492
43516
43525
43542
43579
43597
43612
43641
43664
43682
43713
43731
43746
43762
43783
43807
43832
43858
43880
43897
43924
43956
43961
44000
44006
44041
44046
44078
44108
44114
44149
44160
44180
44216
44225
44246
44282
44295
44325
44332
44366
44390
44410
44438
44453
44470
44492
44515
44539
44557
44591
44605
44633
44656
44673
44690
44722
44739
44752
44779
44804
44818
44844
44876
44890
44918
44935
44960
44971
44998
45032
45051
45058
45088
45104
45139
45156
45180
45200
45222
45253
45275
45284
45305
45338
45348
45367
45388
45423
45433
45474
45476
45516
45536
45541
45563
45599
45613
45636
45671
45678
45715
45718
45743
45768
45784
45826
45835
45864
45881
45909
45922
45952
45977
45995
46005
46036
46058
46090
46106
46116
46154
46172
46196
46203
46230
46261
46268
46309
46328
46352
46370
46382
46417
46429
46450
46473
46490
46518
46547
46567
46595
46612
46628
46660
46671
46693
46718
46734
46755
46787
46813
46826
46846
46879
46895
46915
46941
46956
46983
47005
47023
47044
47063
47085
47124
47139
47161
47176
47194
47215
47249
47258
47280
47302
47342
47354
47381
47390
47423
47435
47466
47486
47507
47541
47555
47582
47600
47610
47635
47662
47691
47699
47721
47757
47764
47790
47816
47832
47864
47892
47908
47918
47941
47966
47991
48011
48027
48057
48074
48103
48122
48151
48160
48183
48217
48229
48256
48285
48295
48315
48347
48370
48397
48410
48443
48464
48470
48496
48515
48545
48575
48594
48600
48630
48650
48681
48687
48720
48747
48766
48794
48810
48837
48851
48867
48899
48925
48934
48957
48990
48996
49031
49055
49067
49095
49124
49128
49158
49185
49208
49236
49253
49264
49291
49323
49332
49360
49387
49410
49430
49450
49459
49497
49506
49530
49559
49587
49594
49621
49644
49658
49695
49717
49740
49760
49780
49801
49821
49843
49861
49888
49912
49928
49958
49983
49986
50022
50050
50055
50079
50107
50129
50157
50179
50193
50206
50231
50270
50271
50310
50335
50354
50367
50395
50403
50439
50467
50473
50507
50517
50539
50577
50588
50613
50638
50659
50686
50707
50729
50744
50764
50788
50815
50826
50845
50885
50896
50925
50937
50957
50986
51015
51035
51051
51074
51088
51127
51134
51163
51176
51198
51235
51254
51267
51289
51317
51344
51353
51371
51410
51435
51445
51470
51482
51519
51526
51560
51569
51591
51617
51639
51666
51680
51718
51727
51760
51769
51799
51817
51853
51867
51880
51912
51923
51951
51969
51987
52022
52042
52072
52086
52118
52135
52158
52174
52188
52226
52243
52264
52283
52299
52330
52349
52380
52392
52414
52442
52450
52489
52512
52533
52558
52573
52592
52611
52627
52662
52685
52700
52730
52750
52760
52783
52815
52831
52852
52888
52899
52929
52950
52968
52987
53001
53033
53049
53070
53106
53117
53149
53167
53191
53215
53238
53249
53264
53292
53326
53348
53353
53392
53397
53425
53443
53462
53493
53522
53530
53570
53577
53594
53635
53639
53662
53701
53719
53733
53756
53784
53804
53819
53847
53873
53896
53908
53924
53965
53979
54008
54023
54050
54076
54079
54106
54140
54151
54170
54206
54221
54247
54257
54275
54318
54324
54343
54367
54395
54417
54437
54465
54474
54510
54524
54555
54578
54593
54606
54633
54650
54674
54707
54726
54746
54775
54785
54815
54825
54863
54873
54901
54920
54939
54960
54986
55003
55036
55046
55072
55092
55131
55136
55163
55181
55217
55231
55253
55277
55299
55316
55351
55356
55395
55410
55440
55454
55467
55505
55527
55542
55560
55589
55606
55630
55649
55670
55695
55723
55747
55765
55781
55794
55825
55846
55864
55894
55914
55929
55955
55970
55996
56020
56052
56077
56099
56106
56126
56163
56170
56199
56231
56253
56260
56286
56313
56323
56362
56383
56392
56422
56444
56456
56487
56498
56537
56545
56567
56597
56628
56639
56669
56688
56699
56736
56748
56763
56797
56822
56848
56869
56877
56898
56923
56956
56967
57001
57008
57037
57059
57070
57104
57118
57138
57169
57189
57218
57226
57251
57279
57304
57317
57348
57374
57386
57417
57439
57454
57476
57503
57511
57535
57566
57584
57610
57639
57653
57667
57697
57722
57732
57762
57778
57815
57825
57854
57873
57902
57918
57943
57951
57978
57995
58026
58056
58070
58099
58113
58135
58164
58183
58208
58216
58255
58271
58297
58317
58341
58357
58370
58405
58420
58446
58462
58482
58518
58524
58558
58581
58588
58626
58649
58674
58688
58701
58732
58760
58770
58802
58809
58832
58858
58885
58910
58929
58957
58963
58994
59017
59028
59053
59081
59102
59128
59141
59179
59196
59207
59238
59263
59277
59295
59328
59351
59366
59379
59409
59440
59462
59483
59494
59531
59539
59573
59577
59615
59631
59645
59681
59690
59720
59745
59771
59776
59813
59828
59853
59874
59888
59911
59947
59964
59974
60011
60035
60043
60069
60085
60118
60146
60163
60173
60212
60220
60255
60259
60299
60315
60343
60357
60384
60407
60431
60448
60477
60485
60503
60543
60547
60580
60601
60615
60638
60655
60678
60701
60731
60755
60767
60791
60823
60841
60870
60885
60915
60939
60942
60981
61002
61018
61040
61066
61091
61095
61126
61146
61161
61197
61214
61238
61255
61291
61301
61321
61353
61370
61399
61421
61441
61462
61487
61511
61526
61549
61578
61595
61616
61644
61654
61680
61708
61730
61737
61776
61796
61801
61829
61858
61886
61899
61924
61938
61967
61987
62006
62025
62043
62078
62091
62120
62149
62154
62182
62215
62238
62242
62265
62300
62306
62345
62355
62382
62408
62416
62448
62480
62493
62522
62532
62568
62585
62594
62625
62638
62671
62682
62711
62738
62752
62774
62807
62822
62845
62866
62886
62901
62923
62945
62966
62996
63013
63038
63069
63096
63114
63133
63162
63171
63204
63213
63231
63257
63287
63314
63318
63357
63374
63392
63411
63445
63461
63477
63496
63532
63538
63561
63597
63622
63638
63664
63685
63692
63716
63749
63778
63791
63805
63831
63862
63873
63889
63929
63953
63968
63992
64005
64024
64057
64081
64090
64118
64135
64158
64181
64202
64222
64242
64276
64287
64309
64338
64351
64387
64403
64434
64444
64466
64487
64520
64546
64564
64576
64606
64632
64657
64675
64695
64717
64735
64747
64780
64807
64827
64851
64872
64895
64913
64934
64959
64986
64992
65017
65048
65067
65079
65113
65130
65147
65178
65202
65214
65248
65273
65296
65314
65332
65343
65375
65403
65423
65441
65467
65478
65512
65534
65553
65582
65587
65607
65647
65655
65689
65706
65715
65748
65769
65788
65804
65830
65850
65877
65891
65920
65950
65965
65984
66015
66040
66063
66079
66095
66113
66152
66166
66194
66206
66240
66244
66276
66293
66323
66341
66369
66384
66409
66419
66444
66466
66502
66512
66534
66570
66593
66596
66625
66654
66676
66701
66708
66743
66751
66783
66812
66820
66857
66877
66898
66916
66935
66960
66985
67001
67026
67043
67073
67089
67106
67134
67159
67170
67204
67231
67237
67263
67298
67314
67338
67352
67373
67391
67414
67435
67471
67486
67500
67525
67550
67575
67595
67615
67641
67651
67692
67701
67734
67749
67774
67791
67815
67848
67861
67876
67893
67919
67945
67979
67999
68023
68045
68063
68088
68093
68121
68145
68165
68197
68210
68228
68252
68287
68301
68324
68341
68373
68377
68408
68427
68451
68470
68496
68523
68533
68559
68591
68606
68622
68661
68673
68697
68708
68746
68752
68780
68812
68829
68845
68869
68894
68923
68944
68950
68983
69012
69025
69043
69077
69086
69115
69142
69164
69180
69197
69226
69241
69274
69287
69314
69342
69356
69369
69402
69419
69445
69472
69493
69508
69534
69546
69580
69604
69625
69636
69658
69680
69715
69737
69760
69775
69794
69811
69841
69859
69875
69900
69919
69959
69966
69987
70016
70034
70055
70071
70096
70127
70156
70179
70201
70212
70231
70257
70282
70302
70315
70343
70374
70400
70413
70427
70463
70469
70500
70523
70546
70574
70595
70617
70636
70656
70681
70696
70712
70736
70772
70775
70804
70828
70852
70872
70897
70921
70931
70960
70988
70999
71034
71043
71072
71092
71120
71138
71164
71178
71200
71223
71242
71278
71301
71316
71336
71367
71389
71409
71419
71440
71472
71482
71503
71534
71549
71568
71608
71624
71640
71662
71689
71717
71723
71758
71778
71805
71818
71838
71871
71896
71912
71925
71957
71981
72004
72009
72043
72065
72092
72102
72118
72148
72180
72190
72208
72229
72254
72273
72312
72328
72337
72362
72384
72406
72436
72457
72486
72499
72525
72542
72564
72583
72605
72641
72664
72684
72692
72715
72743
72757
72786
72817
72838
72862
72877
72896
72917
72949
72970
72979
73012
73023
73048
73065
73103
73116
73142
73169
73175
73209
73219
73241
73268
73286
73309
73340
73355
73380
73413
73431
73445
73467
73483
73503
73532
73553
73579
73608
73623
73645
73660
73697
73706
73739
73761
73771
73803
73826
73834
73867
73887
73902
73930
73962
73968
74001
74021
74051
74066
74080
74098
74128
74153
74181
74185
74227
74236
74268
74293
74314
74332
74352
74376
74392
74414
74432
74467
74481
74505
74527
74542
74576
74596
74611
74628
74648
74672
74696
74718
74744
74764
74790
74814
74837
74859
74870
74896
74915
74944
74974
74997
75012
75022
75059
75084
75100
75128
75145
75159
75180
75199
75235
75262
75272
75296
75315
75342
75368
75375
75398
75420
75460
75465
75489
75518
75547
75549
75583
75594
75632
75647
75665
75697
75708
75726
75756
75789
75810
75826
75841
75861
75896
75915
75938
75955
75975
75993
76018
76040
76075
76089
76107
76141
76152
76171
76201
76224
76244
76258
76280
76314
76332
76359
76373
76398
76425
76444
76458
76488
76499
76527
76555
76574
76596
76621
76632
76660
76682
76710
76731
76744
76769
76802
76822
76841
76856
76889
76893
76920
76939
76966
76996
77008
77025
77062
77080
77100
77124
77137
77169
77186
77209
77223
77248
77278
77303
77330
77350
77361
77386
77416
77429
77445
77478
77492
77512
77543
77556
77576
77603
77638
77645
77680
77698
77705
77740
77753
77791
77813
77833
77846
77862
77901
77921
77926
77958
77983
77997
78030
78043
78070
78081
78115
78124
78150
78183
78194
78224
78253
78260
78285
78304
78339
78363
78372
78400
78417
78450
78470
78488
78512
78522
78554
78564
78588
78613
78641
78660
78674
78700
78727
78742
78766
78783
78811
78843
78853
78890
78907
78922
78950
78979
78986
79018
79029
79067
79089
79107
79120
79150
79175
79183
79212
79229
79248
79271
79306
79331
79337
79370
79379
79407
79432
79460
79480
79490
79521
79535
79557
79584
79615
79637
79660
79677
79688
79721
79739
79769
79782
79813
79823
79842
79881
79901
79917
79934
79954
79992
80000
80015
80056
80070
80083
80115
80134
80164
80188
80200
80223
80250
80270
80296
80311
80328
80347
80367
80398
80429
80449
80459
80484
80502
80526
80555
80584
80596
80622
80635
80659
80678
80712
80730
80751
80774
80792
80818
80838
80864
80873
80903
80918
80942
80965
80989
81022
81039
81055
81089
81108
81116
81146
81161
81194
81206
81241
81248
81272
81293
81317
81352
81370
81390
81414
81438
81447
81468
81493
81522
81540
81566
81584
81613
81621
81645
81667
81695
81721
81747
81772
81781
81797
81822
81848
81876
81891
81912
81946
81966
81994
82009
82019
82050
82069
82099
82120
82128
82166
82176
82211
82229
82243
82262
82286
82312
82333
82355
82378
82396
82415
82451
82464
82493
82514
82542
82546
82579
82606
82629
82640
82667
82693
82704
82722
82750
82768
82806
82820
82837
82854
82876
82897
82920
82943
82974
83003
83015
83046
83065
83093
83109
83119
83157
83166
83202
83212
83244
83259
83273
83299
83322
83346
83364
83400
83408
83440
83449
83471
83497
83514
83542
83558
83596
83604
83629
83656
83673
83690
83721
83739
83773
83787
83816
83833
83859
83874
83892
83919
83933
83966
83977
84016
84038
84046
84073
84095
84117
84141
84166
84191
84211
84231
84249
84269
84284
84307
84342
84354
84384
84400
84421
84444
84462
84488
84509
84538
84561
84580
84599
84632
84640
84663
84693
84711
84743
84764
84770
84790
84821
84848
84874
84882
84912
84927
84951
84986
85001
85029
85044
85058
85092
85113
85126
85159
85183
85204
85213
85233
85261
85291
85306
85320
85349
85381
85398
85416
85437
85452
85483
85499
85516
85545
85580
85587
85623
85639
85656
85687
85695
85729
85739
85771
85791
85812
85837
85864
85878
85895
85922
85941
85961
85982
86008
86032
86061
86067
86095
86130
86138
86162
86180
86198
86233
86245
86269
86293
86313
86348
86371
86374
86403
86431
86460
86462
86483
86523
86529
86553
86580
86594
86616
86643
86662
86682
86703
86735
86766
86770
86797
86814
86836
86874
86886
86918
86926
86962
86986
86999
87027
87044
87063
87097
87112
87135
87149
87169
87205
87223
87232
87272
87286
87298
87328
87346
87377
87397
87414
87436
87466
87490
87505
87532
87546
87564
87593
87625
87629
87661
87692
87699
87725
87754
87766
87801
87805
87826
87855
87876
87895
87917
87951
87971
87986
88009
88024
88056
88085
88092
88125
88137
88159
88196
88218
88222
88256
88274
88296
88323
88351
88353
88392
88409
88433
88455
88478
88491
88508
88541
88556
88574
88613
88635
88647
88669
88685
88708
88741
88750
88782
88813
88828
88852
88863
88889
88921
88930
88957
88978
88993
89033
89042
89071
89094
89109
89124
89157
89168
89192
89232
89251
89276
89279
89310
89339
89350
89381
89394
89418
89438
89464
89496
89506
89521
89549
89569
89593
89617
89639
89668
89675
89710
89738
89742
89766
89794
89824
89846
89852
89890
89897
89929
89945
89972
89996
90009
90044
90053
90084
90111
90121
90147
90163
90186
90201
90237
90265
90273
90304
90328
90334
90368
90391
90406
90425
90446
90479
90499
90518
90540
90567
90594
90597
90631
90660
90663
90699
90714
90740
90768
90794
90809
90834
90846
90878
90884
90915
90941
90963
90990
91005
91017
91055
91078
91099
91118
91137
91153
91188
91206
91214
91256
91267
91286
91308
91343
91357
91387
91401
91419
91446
91468
91478
91517
91525
91556
91569
91605
91619
91639
91665
91675
91711
91738
91760
91768
91799
91826
91837
91862
91892
91903
91920
91942
91975
91988
92012
92035
92061
92079
92113
92129
92156
92172
92183
92221
92241
92262
92287
92297
92332
92348
92366
92386
92409
92438
92458
92481
92507
92530
92547
92570
92585
92610
92637
92659
92673
92695
92722
92740
92754
92795
92802
92825
92858
92883
92888
92924
92940
92972
92984
93014
93030
93049
93078
93096
93123
93133
93156
93188
93196
93224
93254
93259
93289
93310
93337
93350
93375
93399
93418
93440
93470
93497
93519
93538
93559
93573
93609
93629
93637
93674
93686
93701
93736
93746
93777
93787
93822
93839
93863
93889
93902
93929
93953
93965
93990
94028
94034
94066
94093
94102
94121
94147
94181
94195
94215
94235
94251
94286
94314
94317
94341
94374
94400
94403
94438
94464
94474
94505
94514
94547
94572
94599
94602
94631
94660
94672
94694
94731
94738
94755
94785
94817
94834
94862
94872
94904
94914
94950
94959
94976
95007
95030
95049
95076
95102
95108
95144
95153
95191
95213
95220
95248
95269
95298
95316
95328
95352
95379
95398
95424
95445
95468
95498
95514
95525
95548
95582
95599
95623
95650
95671
95695
95718
95735
95760
95768
95797
95824
95854
95865
95886
95912
95938
95959
95981
96007
96022
96041
96061
96090
96107
96123
96142
96163
96193
96213
96245
96270
96281
96303
96328
96346
96379
96402
96409
96433
96458
96474
96505
96523
96545
96561
96594
96604
96634
96649
96670
96691
96733
96742
96778
96789
96811
96836
96865
96884
96902
96915
96954
96976
96996
97003
97028
97044
97081
97095
97119
97137
97161
97191
97198
97235
97257
97280
97300
97321
97345
97366
97381
97416
97431
97447
97470
97502
97506
97538
97564
97573
97596
97623
97643
97669
97682
97716
97734
97754
97775
97796
97825
97854
97859
97881
97916
97927
97961
97987
98003
98031
98048
98060
98080
98106
98126
98162
98174
98205
98224
98247
98273
98278
98317
98333
98356
98372
98394
98414
98442
98468
98484
98512
98524
98548
98573
98602
98606
98647
98654
98683
98710
98732
98737
98768
98793
98804
98842
98850
98889
98907
98924
98938
98961
98986
99003
99035
99050
99080
99100
99119
99137
99168
99182
99209
99229
99247
99283
99287
99310
99348
99365
99389
99411
99429
99443
99471
99493
99521
99540
99555
99593
99599
99623
99657
99663
99690
99724
99745
99753
99772
99810
99829
99845
99871
99899
99907
99937
99965
99970
100006
100018
