9
12
28
39
46
65
68
80
90
102
113
124
137
150
162
166
186
193
201
217
226
238
247
259
274
276
290
304
314
328
339
347
360
373
383
396
404
410
423
432
450
453
468
483
487
501
514
519
535
542
554
566
576
589
603
607
625
630
641
653
665
672
689
698
711
725
730
744
758
766
779
791
801
806
822
829
838
853
868
871
890
898
904
922
932
937
950
961
971
984
994
1003
1022
1026
1039
1054
1059
1070
1089
1099
1103
1121
1125
1140
1150
1156
1169
1183
1190
1209
1213
1227
1234
1250
1262
1275
1285
1295
1301
1319
1325
1334
1345
1354
1368
1378
1395
1402
1416
1428
1431
1447
1462
1468
1481
1489
1497
1511
1526
1534
1549
1560
1565
1578
1591
1604
1609
1620
1631
1646
1653
1671
1682
1687
1699
1715
1721
1736
1743
1754
1768
1777
1793
1799
1806
1824
1830
1839
1851
1861
1872
1890
1901
1910
1915
1930
1944
1950
1962
1977
1989
1996
2006
2018
2030
2041
2049
2060
2074
2086
2098
2105
2118
2132
2142
2149
2164
2175
2180
2191
2208
2214
2228
2238
2250
2264
2277
2283
2295
2304
2315
2328
2338
2353
2358
2368
2382
2390
2402
2412
2424
2433
2445
2463
2466
2484
2492
2507
2511
2520
2538
2548
2557
2571
2578
2590
2601
2613
2620
2634
2643
2654
2665
2683
2692
2703
2713
2725
2732
2744
2761
2764
2779
2784
2799
2812
2820
2833
2843
2851
2868
2878
2892
2903
2905
2925
2933
2941
2954
2968
2978
2989
2998
3012
3018
3030
3043
3055
3067
3072
3083
3096
3105
3115
3135
3137
3156
3159
3173
3183
3197
3204
3218
3234
3237
3253
3266
3277
3285
3297
3302
3313
3325
3335
3348
3364
3369
3380
3391
3401
3418
3429
3434
3450
3463
3470
3486
3496
3502
3515
3522
3542
3548
3559
3575
3581
3588
3600
3615
3625
3632
3646
3658
3673
3680
3696
3698
3717
3725
3739
3743
3753
3769
3774
3788
3801
3817
3821
3832
3849
3856
3866
3874
3891
3897
3913
3924
3928
3944
3951
3962
3976
3992
3995
4011
4025
4034
4042
4059
4067
4076
4085
4094
4104
4120
4134
4139
4158
4166
4178
4182
4193
4213
4216
4226
4243
4249
4261
4274
4285
4295
4306
4317
4331
4337
4352
4358
4372
4384
4392
4404
4415
4427
4436
4451
4458
4467
4488
4498
4506
4519
4530
4534
4552
4565
4572
4587
4593
4599
4613
4629
4638
4646
4661
4671
4679
4692
4699
4717
4727
4733
4747
4756
4773
4777
4787
4799
4814
4826
4833
4848
4857
4871
4882
4889
4903
4907
4921
4930
4944
4956
4970
4976
4992
5001
5015
5020
5033
5042
5055
5064
5078
5084
5094
5112
5120
5127
5141
5158
5163
5172
5189
5194
5205
5225
5229
5243
5250
5266
5277
5281
5300
5305
5323
5328
5341
5349
5363
5372
5386
5394
5407
5414
5424
5442
5449
5459
5474
5488
5497
5507
5522
5524
5535
5546
5562
5576
5578
5590
5606
5617
5625
5640
5650
5657
5669
5681
5692
5705
5713
5722
5736
5743
5757
5774
5782
5789
5807
5817
5821
5840
5846
5858
5865
5876
5892
5905
5909
5923
5935
5944
5954
5970
5984
5993
6005
6010
6022
6036
6048
6058
6063
6074
6092
6095
6109
6126
6129
6142
6153
6167
6181
6189
6203
6207
6217
6233
6246
6256
6265
6281
6285
6302
6306
6315
6327
6344
6355
6365
6373
6381
6395
6408
6415
6433
6438
6457
6462
6477
6487
6498
6512
6514
6527
6538
6555
6558
6576
6583
6596
6606
6615
6630
6638
6645
6664
6669
6687
6690
6709
6717
6723
6737
6746
6765
6775
6786
6790
6799
6819
6830
6839
6852
6857
6873
6886
6887
6901
6916
6929
6935
6944
6955
6965
6979
6992
7005
7008
7020
7036
7048
7058
7070
7082
7087
7105
7113
7124
7136
7142
7151
7170
7179
7194
7198
7210
7221
7236
7243
7251
7262
7278
7288
7296
7313
7322
7333
7344
7354
7363
7378
7391
7395
7412
7420
7427
7443
7452
7462
7472
7485
7499
7510
7521
7532
7539
7548
7568
7572
7583
7597
7611
7623
7629
7638
7653
7661
7673
7683
7691
7702
7720
7730
7740
7746
7758
7775
7779
7798
7801
7813
7825
7842
7853
7862
7875
7881
7896
7906
7911
7923
7935
7950
7962
7971
7978
7994
8006
8019
8028
8034
8047
8059
8065
8080
8091
8104
8115
8120
8134
8144
8157
8168
8175
8190
8200
8210
8219
8235
8248
8261
8271
8281
8287
8304
8315
8326
8330
8340
8353
8362
8375
8383
8400
8413
8425
8430
8442
8450
8463
8480
8483
8495
8506
8517
8534
8537
8552
8561
8571
8583
8598
8610
8616
8626
8641
8653
8660
8672
8682
8694
8710
8716
8728
8736
8751
8765
8775
8785
8794
8808
8818
8825
8843
8849
8862
8875
8880
8898
8908
8916
8926
8937
8953
8960
8975
8984
8996
9004
9010
9031
9036
9046
9056
9066
9084
9090
9101
9116
9127
9138
9149
9156
9174
9182
9190
9205
9208
9227
9230
9247
9255
9271
9282
9290
9305
9317
9319
9332
9343
9361
9371
9383
9393
9395
9415
9421
9433
9442
9458
9465
9481
9493
9497
9512
9522
9529
9540
9551
9569
9571
9585
9600
9606
9615
9627
9640
9651
9666
9675
9684
9693
9707
9717
9730
9744
9753
9768
9771
9781
9797
9803
9823
9831
9841
9854
9863
9877
9880
9899
9908
9915
9932
9937
9952
9964
9969
9987
9995
10007
10014
10026
10035
10050
10056
10072
10083
10091
10105
10113
10127
10137
10145
10159
10165
10180
10194
10205
10210
10224
10232
10243
10260
10269
10282
10295
10306
10312
10324
10332
10345
10356
10370
10383
10392
10406
10409
10421
10434
10445
10456
10466
10480
10488
10496
10516
10522
10537
10545
10554
10568
10578
10591
10596
10611
10625
10631
10643
10654
10666
10673
10688
10696
10707
10724
10727
10745
10749
10763
10777
10791
10795
10809
10815
10831
10841
10847
10859
10874
10885
10898
10906
10915
10929
10939
10954
10965
10971
10985
10997
11004
11019
11027
11044
11052
11057
11075
11086
11099
11110
11117
11130
11138
11151
11156
11175
11179
11191
11203
11214
11227
11233
11252
11256
11270
11276
11289
11302
11310
11326
11337
11349
11355
11369
11375
11392
11399
11414
11425
11439
11449
11459
11465
11483
11487
11505
11513
11527
11531
11542
11559
11567
11574
11589
11597
11611
11625
11631
11641
11658
11666
11674
11689
11701
11712
11720
11733
11742
11752
11763
11776
11783
11794
11808
11823
11831
11840
11852
11866
11872
11888
11893
11911
11917
11926
11938
11956
11967
11969
11981
11993
12003
12019
12034
12035
12056
12061
12069
12082
12098
12107
12114
12125
12143
12154
12157
12167
12180
12189
12206
12216
12228
12233
12248
12260
12271
12279
12295
12302
12317
12327
12338
12349
12363
12368
12379
12388
12404
12415
12425
12432
12449
12458
12467
12485
12495
12498
12516
12525
12538
12547
12554
12564
12578
12590
12598
12610
12621
12632
12650
12654
12665
12673
12687
12695
12716
12719
12735
12743
12759
12765
12781
12791
12799
12807
12824
12835
12848
12851
12862
12877
12885
12902
12914
12924
12928
12944
12954
12961
12975
12986
12996
13005
13016
13032
13042
13053
13067
13075
13088
13093
13109
13121
13126
13145
13150
13165
13169
13186
13192
13206
13221
13228
13241
13252
13257
13272
13283
13294
13308
13316
13323
13334
13350
13364
13373
13386
13395
13402
13419
13424
13440
13446
13458
13473
13478
13495
13506
13514
13526
13534
13547
13557
13568
13577
13595
13605
13613
13622
13639
13648
13653
13663
13681
13693
13697
13709
13720
13730
13749
13761
13769
13782
13785
13799
13806
13820
13831
13844
13853
13869
13872
13886
13894
13906
13921
13935
13940
13950
13966
13979
13990
13994
14005
14019
14030
14046
14051
14068
14072
14091
14095
14110
14114
14126
14143
14152
14166
14169
14186
14201
14206
14214
14227
14240
14249
14265
14269
14282
14292
14304
14313
14325
14343
14353
14357
14369
14386
14397
14409
14412
14423
14438
14447
14461
14468
14482
14489
14500
14515
14525
14540
14544
14561
14572
14580
14594
14606
14618
14627
14634
14645
14662
14673
14682
14692
14700
14717
14727
14740
14746
14754
14765
14778
14789
14804
14814
14823
14835
14848
14858
14871
14873
14891
14895
14912
14920
14928
14942
14960
14967
14982
14983
14996
15014
15019
15031
15038
15057
15068
15072
15084
15097
15108
15122
15135
15146
15148
15164
15177
15184
15201
15206
15221
15231
15237
15253
15263
15273
15288
15300
15311
15315
15328
15339
15349
15366
15370
15389
15398
15402
15417
15425
15443
15453
15460
15470
15480
15493
15509
15515
15525
15537
15552
15556
15571
15586
15597
15599
15619
15631
15641
15645
15660
15669
15686
15696
15705
15712
15723
15735
15747
15762
15774
15781
15792
15799
15815
15820
15836
15848
15853
15869
15877
15892
15898
15915
15923
15937
15946
15954
15962
15975
15987
15999
16009
16020
16032
16041
16053
16063
16074
16086
16101
16108
16124
16129
16144
16150
16169
16180
16191
16193
16210
16219
16234
16244
16255
16260
16273
16282
16292
16312
16317
16329
16342
16348
16360
16373
16385
16396
16404
16416
16434
16441
16454
16460
16477
16487
16493
16503
16514
16526
16539
16546
16560
16575
16580
16589
16601
16615
16625
16636
16650
16663
16670
16677
16697
16707
16718
16724
16738
16744
16763
16769
16778
16787
16801
16812
16824
16834
16845
16861
16868
16881
16887
16907
16910
16929
16937
16948
16962
16970
16975
16985
17002
17011
17020
17034
17041
17059
17072
17081
17085
17105
17110
17125
17130
17143
17157
17167
17178
17190
17199
17211
17224
17229
17247
17257
17264
17277
17285
17294
17304
17324
17329
17344
17352
17368
17373
17386
17392
17411
17420
17429
17446
17452
17460
17473
17489
17497
17509
17520
17533
17535
17554
17560
17573
17586
17595
17609
17613
17633
17636
17655
17657
17676
17686
17692
17703
17718
17729
17741
17749
17757
17772
17785
17793
17802
17819
17829
17835
17846
17860
17874
17884
17890
17905
17914
17922
17940
17944
17959
17970
17981
17990
18001
18018
18026
18037
18042
18053
18072
18075
18093
18102
18111
18122
18136
18148
18153
18163
18179
18190
18196
18208
18223
18233
18241
18257
18267
18275
18287
18294
18307
18323
18335
18344
18359
18361
18381
18388
18399
18407
18425
18428
18444
18449
18459
18476
18485
18500
18505
18520
18535
18536
18552
18558
18571
18586
18599
18603
18617
18634
18645
18653
18659
18677
18686
18698
18709
18715
18725
18741
18751
18757
18769
18778
18795
18800
18815
18828
18841
18845
18855
18871
18881
18891
18905
18912
18926
18940
18951
18957
18975
18981
18990
18999
19011
19026
19039
19044
19055
19065
19082
19094
19100
19108
19129
19137
19141
19159
19165
19176
19188
19204
19208
19226
19232
19247
19257
19264
19282
19292
19298
19307
19318
19336
19343
19356
19369
19372
19383
19402
19406
19425
19435
19441
19454
19466
19474
19482
19500
19510
19524
19534
19546
19551
19566
19576
19586
19602
19604
19620
19632
19643
19650
19666
19679
19682
19694
19707
19720
19733
19740
19755
19757
19769
19787
19798
19805
19815
19828
19839
19853
19865
19877
19882
19891
19907
19919
19930
19936
19951
19956
19976
19979
19991
19999
20010
20021
20034
20044
20056
20066
20080
20097
20107
20118
20129
20138
20145
20163
20172
20175
20196
20198
20213
20227
20233
20245
20262
20263
20280
20292
20297
20315
20324
20335
20342
20360
20371
20379
20387
20398
20409
20417
20431
20443
20453
20468
20479
20490
20503
20506
20520
20534
20546
20556
20561
20574
20588
20597
20607
20618
20633
20644
20652
20661
20678
20690
20698
20712
20714
20730
20741
20751
20759
20769
20781
20794
20807
20813
20829
20838
20853
20864
20869
20883
20892
20910
20914
20923
20942
20946
20958
20972
20986
20995
21009
21012
21026
21042
21053
21057
21070
21085
21094
21108
21116
21125
21138
21144
21162
21169
21185
21193
21200
21215
21223
21232
21248
21261
21272
21281
21287
21303
21317
21325
21335
21351
21356
21372
21376
21391
21397
21415
21425
21436
21449
21456
21465
21483
21485
21499
21514
21521
21533
21548
21552
21566
21576
21590
21602
21606
21616
21628
21647
21651
21663
21680
21685
21701
21711
21716
21735
21746
21754
21767
21771
21791
21797
21809
21819
21831
21842
21850
21864
21875
21883
21894
21906
21915
21926
21943
21950
21966
21974
21986
22000
22009
22012
22024
22040
22050
22059
22076
22079
22096
22107
22119
22126
22139
22154
22164
22175
22181
22196
22207
22216
22221
22233
22251
22259
22268
22285
22297
22307
22309
22329
22340
22343
22355
22364
22379
22395
22404
22409
22426
22435
22449
22453
22464
22483
22491
22500
22510
22527
22536
22548
22552
22571
22577
22594
22600
22612
22618
22633
22645
22652
22663
22679
22689
22703
22711
22721
22730
22746
22750
22767
22776
22787
22797
22805
22821
22832
22840
22855
22869
22872
22883
22900
22913
22917
22930
22938
22951
22960
22972
22983
22997
23012
23019
23026
23036
23048
23058
23070
23086
23092
23107
23122
23130
23137
23146
23166
23169
23188
23199
23205
23217
23225
23235
23253
23263
23270
23280
23291
23307
23316
23323
23338
23349
23359
23374
23380
23387
23403
23411
23429
23434
23444
23458
23468
23483
23487
23499
23517
23524
23530
23544
23554
23566
23581
23591
23605
23607
23628
23635
23644
23655
23668
23680
23687
23699
23715
23720
23735
23741
23753
23761
23773
23791
23800
23805
23825
23830
23846
23856
23861
23877
23883
23894
23910
23919
23934
23938
23957
23959
23976
23984
23993
24004
24016
24026
24042
24049
24061
24073
24083
24096
24104
24115
24124
24139
24149
24158
24177
24188
24192
24204
24220
24229
24243
24246
24262
24268
24288
24298
24303
24313
24324
24336
24350
24364
24372
24377
24389
24403
24416
24430
24438
24452
24462
24474
24477
24490
24500
24517
24524
24533
24544
24563
24572
24576
24592
24602
24608
24628
24637
24643
24660
24671
24677
24691
24698
24709
24725
24734
24742
24755
24764
24776
24789
24796
24806
24822
24834
24847
24853
24866
24880
24891
24894
24908
24917
24934
24941
24953
24963
24972
24987
25003
25014
25020
25028
25039
25054
25063
25071
25087
25098
25108
25117
25130
25142
25149
25159
25177
25181
25192
25206
25219
25227
25242
25256
25261
25278
25284
25298
25305
25321
25332
25336
25348
25357
25369
25384
25397
25404
25418
25431
25441
25454
25463
25467
25487
25490
25501
25519
25528
25537
25544
25562
25566
25580
25597
25606
25610
25627
25641
25642
25655
25668
25683
25690
25698
25715
25724
25732
25743
25760
25770
25775
25787
25805
25810
25819
25835
25842
25860
25865
25875
25892
25900
25909
25926
25931
25940
25951
25968
25976
25989
26001
26013
26025
26030
26043
26049
26064
26078
26090
26099
26112
26117
26135
26141
26150
26168
26174
26182
26200
26206
26218
26233
26238
26249
26261
26274
26288
26295
26302
26315
26332
26335
26347
26358
26370
26386
26400
26403
26421
26424
26436
26454
26456
26473
26481
26491
26501
26518
26527
26539
26550
26560
26573
26581
26588
26608
26611
26623
26639
26644
26664
26669
26681
26695
26706
26718
26725
26733
26744
26761
26767
26783
26794
26802
26811
26828
26839
26843
26856
26867
26877
26887
26897
26914
26922
26931
26947
26957
26963
26983
26992
26997
27009
27022
27030
27046
27055
27071
27074
27086
27101
27106
27120
27131
27143
27154
27160
27180
27183
27195
27206
27215
27228
27237
27253
27260
27280
27285
27292
27308
27316
27328
27337
27353
27364
27376
27386
27394
27410
27422
27433
27441
27455
27458
27473
27484
27500
27505
27515
27528
27537
27552
27562
27570
27580
27595
27604
27618
27623
27634
27649
27659
27669
27686
27695
27699
27715
27727
27740
27747
27757
27772
27782
27791
27802
27815
27828
27836
27849
27862
27870
27879
27891
27899
27915
27920
27937
27942
27958
27967
27982
27988
28000
28013
28025
28039
28045
28052
28069
28074
28084
28102
28111
28122
28135
28140
28154
28162
28174
28189
28196
28212
28222
28227
28241
28253
28266
28273
28284
28300
28312
28315
28333
28346
28349
28364
28378
28389
28394
28413
28416
28430
28438
28451
28464
28474
28489
28500
28510
28516
28529
28541
28553
28559
28576
28585
28597
28611
28616
28632
28641
28647
28665
28670
28683
28694
28701
28714
28731
28734
28748
28764
28769
28778
28797
28808
28810
28822
28837
28844
28855
28874
28877
28889
28902
28914
28929
28939
28942
28957
28964
28980
28991
29004
29017
29023
29033
29049
29059
29065
29082
29085
29100
29115
29121
29132
29147
29153
29164
29174
29191
29200
29208
29220
29233
29244
29254
29267
29276
29288
29303
29314
29322
29329
29341
29352
29368
29372
29388
29398
29406
29423
29429
29441
29449
29465
29474
29489
29497
29509
29519
29535
29541
29552
29559
29575
29584
29592
29610
29619
29632
29643
29651
29664
29677
29681
29695
29701
29722
29724
29743
29753
29761
29767
29783
29794
29805
29815
29830
29842
29849
29863
29872
29880
29892
29904
29917
29923
29938
29950
29961
29971
29985
29991
30002
30011
30020
30035
30049
30057
30070
30077
30087
30102
30114
30125
30138
30143
30156
30170
30176
30185
30202
30217
30228
30236
30244
30258
30271
30278
30286
30295
30311
30320
30332
30346
30353
30362
30375
30389
30396
30408
30420
30435
30445
30451
30461
30479
30483
30500
30509
30516
30536
30543
30554
30566
30572
30586
30599
30608
30615
30629
30637
30653
30665
30678
30680
30695
30708
30723
30731
30736
30751
30767
30768
30787
30798
30805
30814
30827
30839
30846
30861
30876
30888
30897
30902
30915
30928
30935
30949
30956
30976
30979
30992
31005
31013
31028
31038
31045
31064
31071
31085
31089
31099
31116
31120
31133
31151
31162
31173
31176
31190
31207
31217
31228
31234
31248
31258
31264
31278
31292
31302
31310
31323
31337
31345
31352
31363
31383
31388
31404
31416
31419
31433
31443
31456
31468
31480
31491
31497
31508
31520
31536
31542
31551
31566
31578
31591
31600
31607
31619
31633
31643
31649
31663
31678
31686
31701
31707
31714
31730
31739
31753
31764
31776
31785
31801
31805
31819
31830
31838
31850
31860
31876
31881
31895
31904
31914
31933
31942
31953
31963
31968
31985
31998
32004
32019
32031
32041
32049
32059
32073
32087
32092
32100
32113
32130
32132
32150
32156
32166
32176
32190
32202
32215
32230
32238
32251
32262
32265
32278
32292
32298
32314
32324
32331
32349
32354
32370
32383
32392
32399
32415
32424
32436
32441
32453
32462
32479
32490
32505
32508
32520
32534
32547
32552
32564
32582
32592
32595
32605
32620
32632
32647
32650
32669
32673
32688
32693
32710
32722
32730
32741
32751
32760
32779
32789
32801
32807
32822
32828
32839
32857
32863
32871
32883
32893
32908
32920
32931
32936
32952
32960
32976
32987
32995
33007
33017
33026
33044
33049
33061
33074
33082
33094
33109
33114
33124
33141
33151
33159
33169
33180
33196
33202
33215
33229
33234
33244
33262
33270
33286
33292
33306
33318
33329
33335
33342
33353
33365
33385
33393
33402
33414
33420
33431
33443
33460
33467
33478
33493
33498
33511
33526
33531
33544
33560
33562
33582
33587
33605
33613
33626
33637
33640
33658
33667
33678
33686
33703
33707
33725
33732
33748
33758
33763
33774
33790
33795
33812
33824
33834
33845
33854
33865
33875
33882
33896
33908
33914
33933
33942
33948
33968
33971
33989
33993
34011
34020
34027
34045
34050
34061
34078
34086
34099
34102
34118
34133
34136
34153
34165
34170
34182
34191
34206
34216
34231
34239
34254
34257
34273
34277
34298
34309
34316
34329
34334
34346
34354
34365
34385
34393
34407
34418
34428
34438
34449
34453
34466
34479
34495
34502
34516
34522
34531
34544
34558
34566
34576
34594
34603
34613
34623
34631
34643
34654
34663
34682
34686
34701
34712
34726
34730
34746
34760
34769
34774
34784
34798
34806
34825
34836
34842
34858
34860
34878
34890
34896
34911
34925
34931
34941
34955
34966
34974
34990
35000
35004
35016
35035
35046
35048
35061
35073
35084
35101
35111
35118
35125
35144
35149
35166
35177
35182
35195
35207
35218
35226
35236
35255
35261
35270
35287
35297
35301
35314
35327
35342
35351
35363
35368
35387
35396
35406
35417
35430
35436
35447
35458
35466
35486
35493
35501
35510
35529
35541
35543
35561
35572
35583
35593
35600
35616
35626
35639
35647
35659
35673
35677
35693
35696
35711
35726
35737
35747
35755
35767
35780
35787
35798
35810
35818
35834
35845
35859
35864
35879
35887
35904
35911
35917
35927
35948
35952
35967
35977
35982
35995
36005
36019
36026
36039
36057
36065
36079
36086
36094
36112
36122
36134
36138
36153
36164
36175
36182
36199
36207
36215
36233
36241
36249
36257
36273
36279
36299
36307
36314
36327
36341
36352
36363
36373
36378
36397
36404
36419
36427
36438
36445
36463
36473
36481
36497
36508
36512
36527
36538
36549
36559
36569
36581
36593
36599
36617
36621
36634
36643
36660
36666
36683
36690
36705
36714
36729
36738
36749
36757
36766
36775
36791
36797
36809
36823
36839
36845
36855
36863
36875
36892
36904
36906
36926
36929
36940
36957
36962
36973
36993
36997
37014
37023
37028
37045
37058
37067
37076
37091
37094
37114
37116
37129
37141
37153
37168
37175
37189
37200
37206
37217
37229
37240
37254
37263
37277
37284
37293
37309
37320
37329
37345
37349
37362
37371
37386
37393
37403
37414
37431
37442
37449
37458
37473
37486
37495
37510
37513
37524
37535
37548
37565
37566
37581
37590
37605
37612
37626
37635
37650
37662
37674
37684
37692
37707
37713
37727
37740
37747
37758
37766
37780
37793
37801
37815
37828
37835
37844
37858
37867
37875
37891
37903
37914
37919
37934
37941
37954
37966
37975
37991
38000
38015
38023
38037
38043
38050
38068
38081
38092
38096
38108
38119
38128
38144
38155
38165
38173
38187
38200
38212
38222
38228
38242
38253
38268
38278
38282
38301
38308
38315
38327
38339
38353
38360
38376
38381
38391
38405
38421
38429
38441
38452
38458
38473
38485
38491
38509
38514
38529
38544
38554
38556
38574
38579
38592
38606
38614
38632
38635
38647
38665
38674
38679
38689
38706
38718
38729
38736
38748
38757
38766
38782
38795
38798
38812
38829
38841
38848
38863
38868
38885
38894
38903
38917
38929
38934
38945
38954
38973
38983
38994
39005
39016
39023
39035
39044
39058
39066
39075
39086
39098
39109
39119
39132
39139
39159
39162
39174
39188
39198
39213
39222
39232
39239
39249
39265
39271
39289
39300
39306
39323
39333
39343
39349
39365
39379
39387
39394
39404
39417
39429
39440
39455
39467
39473
39482
39498
39512
39519
39529
39543
39550
39559
39574
39582
39592
39606
39619
39629
39643
39647
39657
39675
39679
39698
39705
39716
39724
39738
39753
39762
39767
39777
39792
39806
39813
39826
39834
39853
39864
39875
39878
39891
39900
39917
39920
39938
39949
39957
39967
39981
39996
40006
40015
40028
40039
40050
40060
40064
40079
40086
40098
40113
40127
40138
40141
40153
40162
40179
40185
40205
40211
40220
40236
40248
40257
40265
40277
40289
40298
40311
40318
40335
40343
40353
40367
40379
40383
40399
40405
40425
40435
40445
40450
40461
40477
40490
40494
40504
40520
40533
40536
40549
40568
40573
40581
40592
40605
40618
40628
40641
40648
40662
40671
40689
40695
40710
40715
40727
40734
40747
40759
40774
40787
40791
40806
40814
40828
40838
40852
40860
40873
40884
40891
40901
40913
40929
40934
40945
40957
40969
40981
40993
40998
41018
41023
41034
41048
41053
41071
41084
41091
41098
41110
41121
41140
41145
41158
41170
41182
41192
41202
41209
41220
41236
41245
41253
41270
41278
41288
41299
41310
41326
41333
41343
41355
41364
41374
41385
41395
41412
41421
41433
41446
41457
41468
41478
41490
41496
41506
41517
41529
41538
41549
41564
41575
41591
41598
41609
41616
41627
41646
41650
41667
41678
41689
41697
41710
41717
41729
41741
41747
41763
41770
41780
41797
41807
41817
41832
41838
41852
41864
41872
41886
41896
41910
41913
41927
41938
41946
41961
41973
41979
41996
42006
42019
42029
42035
42045
42060
42068
42079
42095
42099
42118
42121
42132
42142
42154
42167
42185
42195
42198
42209
42221
42236
42243
42255
42270
42276
42291
42302
42315
42322
42336
42344
42358
42371
42376
42389
42402
42413
42418
42433
42445
42454
42465
42472
42491
42504
42510
42519
42527
42540
42557
42568
42578
42589
42601
42606
42621
42631
42638
42657
42664
42670
42681
42695
42712
42719
42726
42737
42749
42765
42777
42788
42796
42809
42814
42826
42845
42856
42859
42871
42880
42894
42905
42914
42933
42934
42953
42965
42975
42985
42996
43001
43011
43026
43042
43048
43061
43069
43082
43094
43101
43117
43130
43133
43147
43161
43175
43185
43188
43203
43215
43228
43234
43248
43259
43268
43282
43290
43303
43312
43324
43339
43348
43361
43364
43377
43392
43403
43412
43420
43437
43444
43453
43465
43475
43491
43496
43506
43527
43538
43543
43559
43562
43580
43584
43602
43612
43618
43630
43642
43653
43669
43677
43685
43702
43711
43717
43727
43743
43753
43767
43771
43784
43797
43812
43817
43834
43845
43851
43863
43877
43881
43899
43909
43913
43930
43943
43952
43965
43977
43986
43993
44004
44013
44031
44038
44047
44066
44073
44085
44095
44106
44116
44129
44143
44146
44156
44175
44179
44191
44207
44218
44227
44239
44250
44256
44265
44283
44297
44307
44311
44322
44338
44347
44357
44373
44382
44396
44401
44410
44421
44434
44451
44462
44472
44483
44487
44501
44516
44527
44533
44543
44559
44571
44575
44594
44599
44607
44621
44629
44648
44651
44666
44674
44690
44699
44712
44717
44729
44739
44754
44764
44775
44785
44795
44805
44821
44830
44842
44852
44865
44874
44885
44900
44906
44918
44933
44939
44952
44963
44977
44982
44995
45010
45016
45033
45038
45052
45060
45071
45082
45097
45108
45122
45124
45144
45153
45157
45169
45185
45196
45201
45217
45231
45234
45252
45263
45269
45287
45295
45302
45318
45325
45336
45351
45356
45368
45385
45389
45406
45414
45428
45433
45442
45459
45471
45475
45490
45498
45517
45523
45534
45546
45558
45565
45575
45587
45605
45617
45620
45637
45648
45655
45663
45676
45687
45704
45711
45720
45738
45748
45756
45769
45780
45788
45799
45812
45823
45830
45839
45857
45865
45878
45889
45897
45913
45916
45930
45946
45949
45965
45971
45985
45999
46009
46018
46032
46038
46049
46058
46075
46085
46093
46110
46115
46128
46143
46155
46158
46172
46185
46196
46209
46218
46223
46240
46249
46258
46269
46285
46293
46306
46317
46325
46337
46349
46356
46370
46378
46391
46400
46418
46425
46438
46451
46459
46466
46483
46495
46506
46510
46523
46540
46549
46558
46572
46582
46587
46602
46608
46627
46634
46647
46654
46669
46675
46686
46705
46708
46724
46731
46745
46761
46768
46779
46787
46795
46813
46819
46830
46841
46857
46867
46881
46885
46902
46911
46922
46927
46947
46958
46967
46979
46984
46999
47009
47021
47033
47044
47049
47059
47077
47084
47094
47113
47123
47131
47146
47151
47165
47174
47188
47196
47204
47223
47230
47237
47248
47261
47276
47281
47298
47303
47319
47329
47339
47353
47362
47377
47385
47391
47406
47414
47432
47438
47451
47458
47474
47479
47492
47504
47516
47530
47537
47549
47562
47568
47583
47590
47601
47618
47626
47639
47645
47663
47673
47683
47687
47703
47715
47726
47733
47743
47756
47767
47781
47792
47805
47816
47823
47832
47850
47857
47865
47881
47888
47903
47907
47926
47929
47946
47956
47964
47972
47992
47997
48011
48025
48035
48046
48058
48069
48078
48090
48095
48110
48121
48129
48145
48154
48166
48177
48189
48200
48211
48223
48231
48243
48255
48262
48278
48283
48296
48311
48319
48327
48341
48352
48358
48373
48380
48393
48404
48412
48424
48443
48454
48463
48470
48478
48498
48506
48520
48525
48535
48544
48560
48571
48581
48591
48606
48614
48622
48636
48647
48662
48665
48679
48690
48701
48712
48728
48738
48743
48754
48772
48783
48789
48801
48809
48821
48834
48844
48856
48870
48882
48887
48900
48914
48919
48932
48950
48955
48965
48982
48985
48995
49009
49020
49035
49041
49059
49062
49076
49092
49096
49108
49120
49131
49144
49150
49170
49180
49185
49199
49205
49215
49234
49246
49251
49259
49276
49290
49294
49309
49322
49326
49342
49347
49359
49372
49381
49394
49410
49414
49427
49438
49450
49460
49471
49481
49498
49508
49518
49526
49541
49549
49558
49572
49581
49597
49609
49613
49624
49641
49646
49662
49667
49679
49689
49705
49714
49722
49742
49753
49764
49769
49779
49787
49807
49809
49821
49834
49847
49858
49868
49881
49890
49902
49910
49927
49939
49945
49961
49969
49982
49989
50004
50013
50020
50034
50045
50058
50062
50080
50093
50100
50109
50126
50136
50149
50157
50161
50182
50193
50201
50212
50217
50233
50244
50253
50268
50277
50283
50301
50307
50318
50331
50341
50349
50363
50380
50389
50399
50408
50419
50429
50438
50449
50464
50479
50487
50499
50505
50516
50532
50544
50546
50560
50574
50586
50594
50610
50615
50625
50636
50654
50658
50676
50682
50698
50702
50713
50729
50734
50745
50759
50776
50779
50796
50801
50811
50829
50840
50849
50855
50872
50882
50890
50901
50915
50922
50933
50947
50955
50974
50979
50994
51001
51018
51020
51038
51046
51058
51069
51079
51094
51102
51112
51127
51134
51142
51158
51172
51174
51192
51203
51209
51219
51231
51248
51260
51270
51274
51287
51298
51306
51321
51333
51341
51358
51365
51372
51389
51394
51405
51423
51432
51441
51449
51459
51475
51490
51496
51508
51523
51531
51537
51550
51562
51571
51589
51594
51604
51616
51631
51642
51651
51664
51678
51683
51696
51704
51720
51729
51742
51755
51760
51770
51781
51789
51801
51814
51830
51840
51851
51864
51868
51881
51891
51904
51915
51925
51941
51946
51957
51973
51977
51988
52003
52009
52028
52033
52051
52059
52067
52081
52093
52101
52118
52124
52139
52141
52153
52171
52181
52192
52205
52216
52227
52235
52240
52255
52272
52278
52290
52295
52313
52326
52330
52344
52355
52361
52377
52392
52398
52409
52420
52436
52441
52451
52462
52472
52491
52503
52504
52523
52531
52541
52558
52567
52578
52589
52595
52609
52616
52632
52645
52651
52660
52677
52684
52700
52709
52719
52726
52742
52747
52758
52777
52780
52791
52808
52817
52830
52836
52849
52858
52867
52882
52890
52908
52913
52924
52934
52948
52962
52972
52984
52996
53004
53019
53028
53038
53047
53062
53074
53080
53087
53103
53114
53128
53141
53151
53158
53173
53178
53193
53198
53209
53221
53233
53243
53258
53270
53279
53286
53303
53310
53323
53336
53341
53352
53369
53373
53388
53400
53416
53427
53437
53441
53456
53468
53480
53484
53498
53510
53517
53532
53544
53556
53569
53577
53589
53595
53607
53622
53632
53639
53656
53666
53674
53682
53701
53711
53721
53725
53743
53755
53766
53773
53784
53792
53807
53815
53824
53838
53853
53863
53871
53884
53896
53907
53914
53932
53937
53946
53961
53973
53979
53999
54001
54013
54030
54035
54047
54056
54074
54084
54098
54108
54116
54125
54140
54151
54157
54169
54182
54193
54205
54218
54229
54232
54249
54259
54266
54279
54295
54299
54317
54324
54339
54342
54357
54366
54377
54389
54401
54416
54424
54433
54448
54454
54468
54480
54487
54503
54508
54526
54536
54546
54554
54567
54577
54588
54594
54607
54617
54635
54639
54658
54670
54678
54689
54699
54705
54720
54735
54737
54753
54764
54775
54789
54797
54809
54818
54829
54836
54847
54862
54875
54886
54896
54904
54914
54928
54945
54954
54966
54971
54984
54999
55002
55013
55024
55040
55046
55061
55075
55084
55094
55105
55120
55130
55133
55153
55162
55170
55187
55190
55205
55215
55230
55238
55251
55257
55266
55277
55287
55306
55311
55323
55340
55347
55361
55369
55381
55387
55405
55411
55426
55438
55448
55454
55465
55476
55492
55502
55508
55519
55537
55543
55551
55571
55579
55592
55596
55610
55619
55636
55639
55660
55667
55676
55691
55699
55705
55717
55735
55744
55757
55761
55780
55784
55795
55808
55816
55828
55840
55857
55860
55872
55885
55893
55908
55915
55925
55943
55955
55966
55975
55989
55998
56010
56013
56026
56039
56054
56066
56069
56085
56098
56105
56115
56133
56140
56151
56161
56177
56186
56190
56206
56218
56223
56239
56246
56257
56269
56281
56292
56302
56319
56330
56337
56351
56364
56371
56378
56392
56398
56415
56423
56439
56450
56459
56464
56481
56493
56498
56514
56525
56532
56550
56559
56564
56582
56586
56601
56613
56619
56639
56644
56654
56664
56678
56692
56698
56714
56724
56732
56744
56751
56767
56775
56791
56802
56813
56821
56833
56847
56858
56860
56874
56891
56898
56909
56921
56931
56942
56957
56961
56978
56985
56993
57007
57020
57033
57038
57049
57058
57074
57087
57097
57111
57119
57133
57142
57153
57158
57173
57186
57192
57209
57216
57229
57242
57251
57257
57274
57288
57298
57303
57311
57332
57340
57347
57364
57367
57384
57393
57407
57417
57431
57436
57451
57456
57465
57485
57490
57507
57511
57525
57541
57546
57560
57565
57576
57586
57607
57613
57626
57636
57641
57659
57669
57681
57691
57704
57714
57725
57733
57742
57753
57771
57774
57788
57799
57807
57822
57828
57847
57854
57863
57872
57886
57902
57908
57916
57933
57943
57955
57968
57978
57985
57998
58012
58017
58027
58041
58049
58068
58074
58084
58096
58113
58118
58127
58141
58154
58165
58174
58186
58199
58207
58220
58228
58238
58246
58261
58272
58282
58298
58302
58322
58331
58340
58352
58361
58373
58382
58396
58405
58418
58423
58439
58446
58462
58473
58487
58492
58499
58514
58522
58542
58548
58560
58565
58583
58593
58598
58612
58625
58639
58645
58656
58669
58683
58691
58706
58715
58727
58737
58746
58757
58771
58775
58793
58797
58814
58823
58833
58849
58861
58863
58874
58885
58900
58912
58925
58931
58943
58954
58970
58976
58992
58999
59013
59022
59030
59042
59054
59062
59072
59090
59096
59109
59122
59135
59137
59153
59159
59178
59189
59195
59206
59219
59231
59242
59256
59261
59274
59287
59301
59303
59314
59329
59339
59353
59362
59369
59380
59397
59403
59418
59425
59437
59445
59461
59476
59478
59495
59505
59512
59530
59535
59544
59563
59570
59582
59596
59599
59614
59624
59636
59649
59656
59668
59685
59690
59700
59715
59722
59740
59748
59757
59770
59779
59790
59801
59815
59828
59834
59846
59855
59864
59883
59889
59899
59916
59922
59934
59950
59956
59968
59979
59991
60003
60013
60026
60032
60039
60056
60065
60077
60093
60103
60110
60124
60127
60146
60159
60161
60180
60187
60196
60208
60216
60229
60245
60254
60263
60279
60285
60301
60310
60318
60331
60339
60356
60362
60369
60386
60397
60406
60420
60424
60439
60451
60460
60477
60482
60494
60503
60521
60526
60537
60546
60563
60576
60585
60597
60606
60618
60623
60641
60647
60656
60672
60678
60695
60708
60711
60722
60732
60753
60755
60767
60778
60791
60800
60817
60822
60836
60843
60863
60866
60877
60895
60903
60913
60921
60936
60946
60957
60966
60982
60990
60999
61009
61025
61031
61046
61052
61063
61074
61088
61100
61109
61119
61131
61146
61154
61162
61177
61185
61202
61206
61223
61231
61247
61254
61262
61276
61290
61296
61314
61316
61333
61340
61350
61360
61371
61383
61394
61407
61416
61428
61443
61451
61465
61478
61490
61497
61510
61516
61532
61539
61555
61560
61573
61584
61595
61610
61615
61631
61641
61646
61662
61673
61682
61692
61702
61719
61725
61735
61753
61759
61766
61786
61792
61800
61812
61829
61837
61846
61863
61869
61881
61891
61908
61910
61927
61939
61945
61962
61969
61982
61993
61999
62014
62027
62036
62048
62058
62064
62083
62092
62098
62113
62121
62130
62149
62155
62165
62177
62192
62198
62213
62223
62236
62243
62252
62270
62280
62286
62301
62309
62323
62335
62340
62355
62360
62372
62390
62394
62405
62415
62428
62438
62449
62465
62476
62484
62494
62504
62516
62527
62542
62557
62559
62574
62585
62601
62611
62621
62632
62642
62646
62659
62672
62680
62697
62704
62713
62727
62743
62749
62759
62771
62783
62791
62808
62814
62822
62841
62850
62855
62870
62882
62890
62905
62911
62928
62940
62949
62960
62967
62979
62992
62999
63013
63027
63033
63048
63054
63066
63079
63089
63098
63111
63122
63138
63148
63153
63164
63183
63186
63200
63215
63223
63235
63248
63253
63266
63274
63293
63297
63311
63325
63336
63341
63356
63362
63380
63384
63404
63414
63418
63434
63438
63455
63460
63475
63486
63502
63510
63522
63531
63540
63554
63559
63571
63582
63594
63604
63623
63627
63643
63651
63659
63672
63682
63694
63704
63717
63734
63739
63753
63761
63773
63786
63796
63802
63819
63829
63840
63855
63865
63868
63879
63896
63907
63918
63926
63936
63953
63963
63966
63980
63992
64009
64018
64029
64034
64050
64056
64073
64082
64097
64107
64113
64122
64132
64152
64160
64167
64175
64192
64199
64213
64221
64235
64246
64255
64263
64284
64292
64300
64310
64326
64332
64345
64352
64368
64381
64391
64405
64413
64425
64437
64447
64455
64462
64477
64484
64497
64505
64523
64535
64540
64558
64569
64576
64586
64600
64609
64618
64635
64640
64652
64667
64674
64683
64698
64707
64717
64731
64740
64754
64763
64770
64785
64800
64809
64822
64833
64839
64848
64865
64877
64880
64900
64904
64915
64932
64936
64953
64961
64968
64982
64999
65007
65017
65022
65035
65045
65059
65070
65084
65097
65108
65114
65123
65141
65147
65156
65170
65183
65191
65201
65217
65229
65234
65248
65259
65270
65282
65291
65301
65309
65326
65339
65342
65357
65365
65379
65388
65397
65412
65420
65431
65447
65453
65471
65479
65490
65501
65508
65524
65533
65544
65552
65570
65579
65588
65595
65607
65624
65627
65639
65651
65662
65677
65690
65693
65706
65719
65731
65738
65752
65763
65773
65784
65796
65809
65817
65835
65839
65849
65860
65875
65881
65894
65907
65919
65933
65936
65955
65960
65969
65988
65992
66004
66018
66032
66043
66049
66058
66070
66084
66099
66107
66121
66132
66134
66153
66161
66173
66183
66188
66200
66211
66224
66235
66247
66255
66268
66286
66292
66304
66316
66325
66335
66351
66355
66368
66381
66389
66400
66409
66427
66434
66445
66456
66464
66474
66489
66505
66515
66526
66537
66549
66555
66572
66581
66587
66601
66607
66624
66637
66647
66653
66664
66679
66692
66695
66711
66722
66737
66748
66753
66765
66780
66789
66801
66814
66824
66831
66843
66856
66861
66873
66884
66897
66911
66921
66927
66945
66951
66967
66975
66981
66995
67009
67021
67031
67035
67052
67061
67068
67083
67093
67110
67112
67129
67141
67153
67159
67169
67184
67196
67205
67217
67223
67238
67244
67263
67268
67284
67297
67305
67318
67329
67342
67352
67362
67367
67377
67392
67399
67417
67429
67441
67447
67458
67471
67480
67488
67501
67510
67522
67535
67544
67560
67567
67579
67589
67598
67612
67618
67631
67644
67652
67662
67679
67688
67699
67715
67725
67733
67741
67754
67764
67780
67784
67803
67806
67823
67831
67840
67856
67866
67879
67883
67897
67912
67918
67933
67940
67952
67962
67973
67986
67995
68013
68023
68027
68040
68055
68068
68074
68088
68094
68106
68119
68126
68140
68147
68161
68178
68187
68196
68202
68214
68226
68239
68252
68257
68271
68279
68296
68302
68317
68326
68340
68347
68363
68373
68383
68397
68403
68417
68426
68438
68445
68461
68474
68479
68492
68503
68519
68525
68533
68549
68554
68573
68576
68596
68599
68609
68622
68634
68647
68657
68667
68675
68688
68697
68709
68723
68732
68748
68757
68769
68775
68789
68799
68813
68823
68833
68846
68859
68868
68880
68890
68895
68907
68918
68934
68945
68957
68962
68973
68991
68993
69007
69025
69033
69046
69057
69060
69075
69087
69099
69108
69117
69132
69140
69155
69162
69176
69189
69195
69204
69215
69224
69243
69255
69258
69274
69281
69295
69302
69313
69327
69341
69350
69359
69377
69383
69398
69401
69417
69429
69438
69453
69456
69473
69484
69491
69500
69515
69527
69533
69546
69556
69567
69583
69597
69598
69614
69627
69638
69643
69660
69672
69685
69687
69702
69708
69720
69739
69749
69753
69773
69782
69785
69804
69809
69824
69835
69849
69860
69863
69878
69887
69901
69914
69922
69930
69947
69958
69969
69978
69987
69997
70014
70017
70036
70043
70058
70063
70072
70091
70093
70107
70122
70130
70142
70153
70162
70176
70186
70194
70208
70224
70226
70245
70249
70263
70269
70284
70300
70308
70316
70325
70341
70351
70360
70369
70389
70399
70403
70416
70429
70438
70452
70457
70476
70482
70497
70506
70517
70528
70540
70547
70555
70569
70581
70594
70604
70614
70623
70633
70646
70656
70666
70680
70691
70702
70712
70728
70740
70749
70758
70769
70775
70794
70806
70817
70824
70830
70851
70858
70870
70877
70895
70902
70917
70921
70934
70950
70955
70968
70979
70993
71005
71013
71024
71035
71044
71057
71070
71074
71089
71103
71109
71121
71133
71140
71154
71166
71177
71186
71199
71212
71221
71235
71240
71257
71268
71279
71285
71296
71305
71318
71325
71339
71348
71358
71377
71390
71401
71408
71422
71427
71443
71454
71462
71478
71488
71495
71511
71515
71532
71537
71550
71563
71574
71585
71592
71610
71615
71627
71638
71647
71660
71669
71686
71689
71707
71714
71725
71740
71751
71755
71771
71786
71792
71807
71815
71825
71838
71851
71858
71869
71884
71888
71899
71916
71923
71936
71944
71961
71969
71978
71992
72002
72009
72021
72035
72044
72059
72070
72082
72086
72100
72106
72121
72132
72147
72152
72168
72177
72186
72196
72210
72218
72230
72243
72250
72265
72276
72292
72296
72309
72324
72331
72338
72355
72367
72374
72381
72399
72409
72420
72429
72441
72448
72461
72473
72487
72496
72507
72520
72529
72541
72553
72562
72570
72581
72600
72609
72617
72632
72636
72647
72657
72676
72682
72690
72709
72715
72731
72734
72746
72764
72773
72784
72795
72806
72812
72822
72837
72848
72857
72870
72882
72890
72905
72913
72923
72940
72950
72963
72967
72977
72990
73003
73014
73021
73032
73050
73056
73065
73083
73090
73100
73115
73124
73132
73143
73158
73162
73174
73190
73197
73210
73220
73232
73244
73256
73268
73276
73288
73297
73310
73318
73335
73346
73353
73362
73379
73389
73395
73409
73422
73432
73443
73453
73464
73478
73486
73497
73505
73521
73532
73543
73549
73565
73574
73587
73597
73605
73617
73626
73644
73651
73661
73671
73681
73692
73703
73715
73729
73736
73748
73762
73777
73786
73799
73805
73813
73824
73837
73852
73863
73866
73885
73889
73902
73920
73927
73941
73946
73961
73967
73978
73997
73998
74017
74021
74037
74049
74057
74068
74080
74095
74106
74110
74124
74131
74145
74155
74168
74184
74188
74204
74208
74227
74238
74248
74257
74266
74276
74286
74299
74307
74326
74329
74340
74355
74362
74372
74384
74403
74413
74423
74434
74439
74457
74464
74477
74488
74497
74511
74516
74535
74547
74550
74563
74578
74585
74593
74609
74616
74631
74637
74654
74667
74672
74684
74699
74709
74715
74733
74743
74752
74765
74774
74785
74793
74806
74813
74826
74840
74853
74857
74872
74883
74895
74908
74921
74924
74936
74949
74960
74968
74984
74997
75006
75019
75025
75038
75052
75057
75074
75086
75091
75108
75110
75129
75133
75149
75160
75164
75181
75192
75199
75214
75221
75232
75243
75255
75268
75275
75286
75302
75316
75328
75335
75344
75360
75372
75380
75387
75399
75414
75427
75438
75443
75459
75467
75476
75492
75502
75506
75525
75534
75547
75552
75569
75580
75590
75595
75604
75616
75629
75637
75651
75663
75671
75684
75693
75707
75718
75726
75740
75752
75767
75773
75789
75792
75807
75820
75824
75839
75848
75862
75877
75882
75892
75903
75920
75924
75940
75947
75960
75970
75985
75991
76009
76014
76028
76039
76048
76061
76073
76086
76096
76100
76113
76131
76134
76145
76164
76171
76177
76196
76205
76209
76225
76239
76246
76255
76271
76275
76286
76300
76313
76326
76337
76348
76352
76364
76374
76386
76397
76408
76423
76432
76442
76453
76470
76480
76487
76500
76508
76518
76529
76541
76551
76568
76581
76588
76599
76614
76625
76631
76640
76654
76663
76679
76687
76697
76712
76721
76730
76744
76752
76760
76776
76783
76792
76804
76821
76832
76843
76848
76859
76872
76883
76894
76909
76915
76926
76941
76948
76960
76971
76980
76991
77006
77019
77028
77040
77052
77063
77068
77079
77091
77101
77113
77132
77141
77153
77157
77172
77185
77198
77203
77211
77223
77237
77244
77261
77267
77277
77290
77305
77314
77324
77340
77348
77360
77366
77384
77389
77403
77410
77423
77436
77446
77458
77467
77484
77488
77500
77513
77521
77537
77541
77559
77570
77578
77585
77598
77615
77620
77629
77644
77656
77663
77677
77684
77696
77710
77723
77730
77746
77750
77764
77772
77786
77800
77806
77818
77835
77841
77853
77863
77874
77889
77895
77910
77918
77932
77942
77954
77967
77977
77989
77997
78011
78022
78030
78039
78052
78064
78077
78083
78095
78108
78114
78131
78135
78154
78164
78169
78182
78190
78209
78212
78226
78242
78250
78264
78272
78284
78290
78305
78310
78323
78333
78352
78360
78366
78385
78395
78399
78418
78422
78436
78452
78459
78473
78481
78495
78505
78510
78524
78538
78548
78558
78567
78581
78586
78599
78615
78622
78638
78647
78653
78664
78676
78690
78701
78716
78720
78737
78747
78755
78768
78778
78793
78795
78807
78822
78827
78842
78858
78864
78875
78884
78900
78907
78923
78931
78942
78951
78966
78972
78990
78999
79012
79020
79026
79037
79052
79065
79073
79086
79094
79109
79119
79125
79141
79156
79160
79171
79184
79195
79205
79212
79226
79240
79251
79261
79272
79285
79290
79301
79314
79330
79335
79352
79355
79375
79378
79397
79407
79416
79426
79433
79451
79457
79469
79478
79488
79504
79518
79528
79535
79549
79559
79572
79575
79589
79599
79615
79622
79638
79648
79654
79667
79679
79690
79700
79716
79725
79737
79747
79752
79770
79779
79790
79802
79807
79818
79828
79842
79860
79866
79880
79883
79896
79913
79921
79928
79941
79958
79962
79974
79992
80000
80006
80025
80033
80038
80050
80067
80075
80082
80099
80105
80115
80130
80143
80149
80167
80172
80186
80199
80210
80214
80232
80245
80256
80261
80274
80283
80292
80308
80314
80326
80344
80348
80362
80371
80381
80397
80408
80421
80427
80443
80448
80464
80469
80479
80490
80505
80511
80526
80533
80549
80559
80567
80585
80592
80606
80612
80628
80640
80648
80657
80671
80678
80688
80700
80716
80723
80733
80749
80758
80773
80782
80791
80803
80816
80820
80831
80841
80854
80864
80881
80894
80903
80915
80923
80929
80948
80959
80971
80982
80990
80998
81011
81019
81034
81047
81052
81069
81072
81085
81095
81114
81118
81130
81143
81149
81164
81175
81191
81201
81212
81216
81225
81241
81255
81265
81270
81280
81295
81304
81323
81324
81339
81351
81365
81374
81382
81391
81408
81422
81424
81441
81454
81459
81470
81484
81494
81506
81520
81529
81536
81552
81564
81572
81578
81593
81601
81616
81622
81639
81644
81660
81667
81680
81693
81708
81719
81730
81734
81746
81761
81769
81775
81793
81807
81810
81828
81831
81844
81856
81871
81882
81891
81902
81911
81919
81932
81941
81958
81964
81981
81993
82004
82012
82017
82035
82045
82059
82063
82082
82087
82102
82105
82121
82130
82145
82157
82167
82181
82190
82198
82209
82218
82231
82245
82248
82266
82271
82289
82302
82311
82317
82329
82344
82355
82358
82370
82383
82392
82406
82414
82433
82444
82455
82467
82477
82480
82492
82507
82518
82531
82537
82550
82563
82571
82588
82599
82609
82619
82630
82637
82650
82658
82675
82679
82694
82700
82711
82724
82739
82746
82757
82773
82777
82787
82806
82809
82827
82833
82845
82856
82870
82881
82893
82906
82916
82920
82934
82943
82961
82973
82984
82985
82999
83017
83021
83029
83047
83055
83065
83075
83086
83103
83107
83123
83136
83148
83151
83167
83180
83188
83203
83209
83219
83236
83244
83252
83268
83279
83290
83293
83307
83315
83328
83340
83350
83362
83370
83384
83396
83405
83420
83429
83445
83451
83461
83471
83485
83491
83511
83516
83527
83537
83555
83562
83572
83588
83596
83609
83616
83624
83643
83650
83659
83670
83687
83696
83701
83714
83728
83741
83749
83763
83769
83786
83796
83801
83813
83825
83833
83848
83861
83872
83886
83892
83908
83910
83921
83934
83949
83955
83971
83977
83993
84006
84008
84020
84031
84050
84057
84064
84078
84090
84101
84109
84124
84137
84143
84152
84162
84175
84193
84202
84206
84218
84237
84248
84259
84263
84276
84288
84301
84309
84320
84328
84346
84353
84368
84377
84386
84394
84412
84418
84431
84446
84456
84464
84476
84483
84499
84506
84520
84527
84545
84547
84567
84576
84585
84601
84602
84618
84634
84643
84652
84658
84669
84681
84695
84711
84719
84724
84735
84751
84760
84770
84786
84791
84804
84812
84828
84838
84848
84864
84872
84883
84896
84905
84914
84921
84939
84948
84960
84972
84982
84987
85006
85010
85024
85038
85046
85060
85074
85078
85090
85103
85115
85119
85136
85144
85155
85167
85180
85188
85200
85211
85225
85236
85241
85259
85270
85279
85294
85297
85312
85317
85331
85345
85356
85371
85378
85388
85401
85405
85420
85437
85442
85456
85464
85480
85483
85496
85511
85518
85526
85537
85550
85568
85579
85590
85593
85609
85614
85634
85638
85649
85665
85671
85687
85696
85707
85715
85732
85741
85754
85764
85777
85781
85798
85806
85819
85829
85842
85850
85861
85870
85885
85895
85906
85914
85924
85941
85948
85956
85968
85980
85992
86003
86016
86024
86033
86049
86059
86074
86080
86094
86106
86112
86124
86132
86151
86153
86174
86175
86189
86205
86217
86220
86239
86241
86256
86268
86274
86293
86303
86308
86321
86330
86343
86358
86367
86374
86391
86402
86407
86425
86430
86443
86459
86467
86475
86487
86502
86506
86522
86533
86545
86556
86562
86574
86588
86601
86610
86623
86634
86644
86650
86664
86673
86687
86699
86712
86721
86728
86743
86748
86764
86777
86781
86799
86806
86823
86832
86840
86853
86862
86869
86886
86892
86903
86921
86928
86939
86950
86956
86967
86987
86992
87006
87012
87030
87034
87053
87058
87072
87079
87092
87106
87112
87130
87135
87151
87156
87174
87180
87190
87203
87210
87225
87232
87250
87256
87272
87282
87289
87303
87314
87321
87337
87343
87359
87370
87384
87395
87402
87410
87419
87436
87444
87452
87466
87478
87488
87499
87509
87520
87535
87546
87553
87567
87573
87588
87601
87613
87620
87633
87639
87651
87666
87676
87688
87701
87705
87718
87735
87742
87755
87765
87770
87782
87800
87809
87823
87827
87836
87854
87868
87873
87884
87895
87908
87913
87930
87945
87947
87964
87973
87989
87990
